Abfahrt,Zugnr.,nach (Ankunft),Abfahrtsbhf.
00:10 (+1),ICE 907,Berlin-Spandau (an 23:54),Berlin Hbf
00:20,ICE 1950,Frankfurt(Main)Hbf (an 06:40),Berlin Hbf
00:20 (+2),ICE 947,Berlin-Spandau (an 23:58),Berlin Hbf
00:22,ICE 101,Karlsruhe Hbf (an 08:58),Berlin Hbf
00:22 (+4),ICE 2401,München Hbf (an 12:10),Berlin Hbf
00:29 (+17),RE 3701,Bad Belzig (an 01:32),Berlin Hbf
00:29,RE7,Lindau-Reutin (an 10:45),Berlin Hbf
00:34,FEX19878,Berlin Zoologischer Garten (an 00:40),Berlin Hbf
00:36,RE 3366,Eberswalde Hbf (an 01:16),Berlin Hbf
00:40,RE 62038,Flughafen BER (an 01:15),Berlin Hbf
00:41,RE 73797,Brandenburg Hbf (an 01:40),Berlin Hbf
00:42,RE 3363,Eberswalde Hbf (an 23:51),Berlin Hbf
00:54,RE 3165,Rathenow (an 01:57),Berlin Hbf
00:58 (+1),RE 3742,Berlin Ostkreuz (an 01:14),Berlin Hbf
01:15,RE 62041,Berlin Zoologischer Garten (an 01:20),Berlin Hbf
01:47,FEX19880,Berlin Zoologischer Garten (an 01:52),Berlin Hbf
01:47,RE 62042,Berlin Ostbahnhof (an 01:58),Berlin Hbf
01:47,RE 92042,Flughafen BER (an 02:21),Berlin Hbf
02:15,RE 62047,Berlin-Spandau (an 02:31),Berlin Hbf
02:45,RE 62046,Flughafen BER (an 03:16),Berlin Hbf
03:15,FEX19801,Flughafen BER (an 03:46),Berlin Hbf
03:15,RE 62043,Berlin Zoologischer Garten (an 03:20),Berlin Hbf
03:29,FEX19803,Flughafen BER (an 04:00),Berlin Hbf
03:45,RE 62044,Flughafen BER (an 04:17),Berlin Hbf
03:56,FEX19805,Flughafen BER (an 04:30),Berlin Hbf
04:11,RE 73752,Frankfurt(Oder) (an 05:31),Berlin Hbf
04:14,RE 94749,Lübbenau(Spreewald) (an 05:00),Berlin Hbf
04:18,FEX19807,Flughafen BER (an 05:04),Berlin Hbf
04:19,RE 62001,Wittenberge (an 05:57),Berlin Hbf
04:24 (+1),ICE 646,Düsseldorf Hbf (an 09:09),Berlin Hbf
04:26 (+1),RE 3302,Stralsund Hbf (an 07:44),Berlin Hbf
04:29,ICE 571,Stuttgart Hbf (an 10:33),Berlin Hbf
04:30 (+40),ICE 501,München Hbf (an 09:17),Berlin Hbf
04:37,RE 3101,Nauen (an 05:23),Berlin Hbf
04:38,RE 62052,Finsterwalde(Niederlausitz) (an 06:19),Berlin Hbf
04:39 (+1),ICE 908,Hamburg-Altona (an 07:26),Berlin Hbf
04:41,RE 62048,Flughafen BER (an 05:15),Berlin Hbf
04:41,RE 73757,Brandenburg Hbf (an 05:38),Berlin Hbf
04:46,RE 3369,Berlin Südkreuz (an 04:52),Berlin Hbf
04:46 (+2),RE 3702,Senftenberg (an 06:43),Berlin Hbf
04:48,RE 4350,Rostock Hbf (an 07:23),Berlin Hbf
04:51,FEX19809,Flughafen BER (an 05:30),Berlin Hbf
04:56,RE 3145,Rathenow (an 05:52),Berlin Hbf
04:57 (+7),ICE 656,Köln Hbf (an 09:22),Berlin Hbf
05:01,RE 73717,Magdeburg Hbf (an 06:47),Berlin Hbf
05:04 (+1),ICE 1101,München Hbf (an 09:10),Berlin Hbf
05:05 (+2),RE 3144,Falkenberg(Elster) (an 06:34),Berlin Hbf
05:07,RB 18141,Flughafen BER (an 05:46),Berlin Hbf
05:12,RE 4351,Berlin Südkreuz (an 05:20),Berlin Hbf
05:14 (+3),RE 3707,Dessau Hbf (an 06:53),Berlin Hbf
05:14,RE 73754,Frankfurt(Oder) (an 06:31),Berlin Hbf
05:19,RE 62003,Wittenberge (an 06:55),Berlin Hbf
05:21,FEX19811,Flughafen BER (an 06:00),Berlin Hbf
05:23,RE 3102,Cottbus Hbf (an 06:55),Berlin Hbf
05:24 (+2),ICE 71,Basel SBB (an 13:10),Berlin Hbf
05:28 (+18),ICE 946,Düsseldorf Hbf (an 10:04),Berlin Hbf
05:28 (+17),ICE 956,Köln Hbf (an 10:21),Berlin Hbf
05:31 (+1),RE 3301,Jüterbog (an 06:26),Berlin Hbf
05:32,ICE 1158,Köln Hbf (an 09:47),Berlin Hbf
05:32,RE 3340,Schwedt(Oder) (an 06:56),Berlin Hbf
05:32,RE 62000,Flughafen BER (an 06:10),Berlin Hbf
05:34 (+2),ICE 1701,München Hbf (an 10:42),Berlin Hbf
05:37,RE 3103,Nauen (an 06:23),Berlin Hbf
05:41 (+48),ICE 2400,Berlin Ostbahnhof (an 05:48),Berlin Hbf
05:41,RE 3160,Berlin Südkreuz (an 21:11),Berlin Hbf
05:41,RE 73759,Brandenburg Hbf (an 06:38),Berlin Hbf
05:42,RE 62054,Elsterwerda (an 07:46),Berlin Hbf
05:44,ICE 1618,Uelzen (an 07:27),Berlin Hbf
05:44 (+1),ICE 608,Hamburg Hbf (an 08:18),Berlin Hbf
05:45 (+5),RE 3704,Senftenberg (an 07:43),Berlin Hbf
05:47,RE 3504,Burg Stargard(Meckl) (an 07:22),Berlin Hbf
05:48,RB 18501,Berlin Südkreuz (an 05:55),Berlin Hbf
05:50 (+21),RB 18140,Golm (an 06:28),Berlin Hbf
05:50,RB 18600,Nauen (an 06:27),Berlin Hbf
05:51,FEX19813,Flughafen BER (an 06:30),Berlin Hbf
05:54,ICE 1033,Frankfurt(Main)Hbf (an 10:22),Berlin Hbf
05:57,RE 3167,Rathenow (an 06:56),Berlin Hbf
05:59,RE 73714,Berlin Ostbahnhof (an 06:09),Berlin Hbf
06:00 (+1),ICE 1001,München Hbf (an 10:02),Berlin Hbf
06:01,RE 73719,Magdeburg Hbf (an 07:47),Berlin Hbf
06:03 (+1),RE 3164,Jüterbog (an 06:56),Berlin Hbf
06:05 (+8),RE 18754,Lübbenau(Spreewald) (an 07:13),Berlin Hbf
06:06 (+1),IC 240,Amsterdam Centraal (an 12:03),Berlin Hbf
06:10,RB 18143,Flughafen BER (an 06:46),Berlin Hbf
06:10 (+1),RB 18601,Berlin Südkreuz (an 06:17),Berlin Hbf
06:12,RB 18502,Nauen (an 06:51),Berlin Hbf
06:12 (+1),RE 3503,Berlin Südkreuz (an 06:20),Berlin Hbf
06:14 (+5),RE 3709,Dessau Hbf (an 07:53),Berlin Hbf
06:14,RE 73756,Berlin Ostbahnhof (an 06:24),Berlin Hbf
06:15,IC 257,Bad Schandau (an 08:34),Berlin Hbf
06:15,RE 50257,Elsterwerda (an 07:33),Berlin Hbf
06:15 Ausfall,RJ 257,Graz Hbf (an 17:33),Berlin Hbf
06:20,ES 453,Praha-Holesovice (an 10:45),Berlin Hbf
06:20,RE 62005,Wittenberge (an 07:54),Berlin Hbf
06:21,FEX19815,Flughafen BER (an 07:00),Berlin Hbf
06:23,RE 2,Oberhausen Hbf (an 22:31),Berlin Hbf
06:23,RE 3104,Cottbus Hbf (an 07:55),Berlin Hbf
06:23,RE2,Singen(Hohentwiel) (an 23:50),Berlin Hbf
06:24,RE 73805,Brandenburg Hbf (an 07:16),Berlin Hbf
06:24,RE 90392,Brandenburg Hbf (an 07:16),Berlin Hbf
06:28 (+1),ICE 503,München Hbf (an 11:03),Berlin Hbf
06:29,ICE 2573,Wolfsburg Hbf (an 07:37),Berlin Hbf
06:29 (+4),ICE 573,Stuttgart Hbf (an 12:33),Berlin Hbf
06:32 (+5),ICE 119,Innsbruck Hbf (an 19:05),Berlin Hbf
06:32 (+24),RE 3341,Lutherstadt Wittenberg Hbf (an 07:59),Berlin Hbf
06:33 (+1),RE 3304,Stralsund Hbf (an 09:43),Berlin Hbf
06:36 (+1),IC 296,Rostock Hbf (an 08:37),Berlin Hbf
06:36,RE 73802,Berlin Ostbahnhof (an 06:46),Berlin Hbf
06:37 (+28),RE 3105,Nauen (an 07:23),Berlin Hbf
06:39,ICE 2910,Hamburg-Altona (an 09:22),Berlin Hbf
06:39 Ausfall,ICE 808,Hamburg-Altona (an 09:22),Berlin Hbf
06:40,RE 62002,Flughafen BER (an 07:15),Berlin Hbf
06:41,RE 73761,Brandenburg Hbf (an 07:38),Berlin Hbf
06:41,RE 91056,Brandenburg Hbf (an 07:38),Berlin Hbf
06:45 (+1),ICE 644,Salzburg Hbf (an 15:49),Berlin Hbf
06:45,RE 62056,Finsterwalde(Niederlausitz) (an 08:35),Berlin Hbf
06:46 (+7),RE 3706,Senftenberg (an 08:43),Berlin Hbf
06:46,RE 4352,Rostock Hbf (an 09:23),Berlin Hbf
06:47,RB 18503,Berlin Südkreuz (an 06:54),Berlin Hbf
06:50,RB 18142,Golm (an 07:29),Berlin Hbf
06:50,RB 18602,Nauen (an 07:27),Berlin Hbf
06:51,FEX19817,Flughafen BER (an 07:30),Berlin Hbf
06:53 (+19),RE 18753,Bad Belzig (an 07:54),Berlin Hbf
06:56 (+2),ICE 654,Köln Hbf (an 11:19),Berlin Hbf
06:56,RE 3147,Stendal Hbf (an 08:20),Berlin Hbf
06:59,RE 73716,Frankfurt(Oder) (an 08:05),Berlin Hbf
07:01,RE 73721,Magdeburg Hbf (an 08:47),Berlin Hbf
07:04 (+8),ICE 1103,München Hbf (an 11:11),Berlin Hbf
07:05 (+10),RE 18756,Cottbus Hbf (an 08:46),Berlin Hbf
07:05 (+4),RE 3146,Falkenberg(Elster) (an 08:34),Berlin Hbf
07:05,RE 62154,Berlin Südkreuz (an 07:11),Berlin Hbf
07:09 Ausfall,RE 3331,Berlin Südkreuz (an 07:17),Berlin Hbf
07:09,RE 94461,Berlin Südkreuz (an 07:17),Berlin Hbf
07:10 (+2),RB 18145,Flughafen BER (an 07:46),Berlin Hbf
07:12 (+1),RB 18504,Nauen (an 07:51),Berlin Hbf
07:12,RB 18603,Berlin Südkreuz (an 07:20),Berlin Hbf
07:14,RE 18541,Berlin Ostbahnhof (an 07:24),Berlin Hbf
07:14 (+1),RE 3711,Dessau Hbf (an 08:53),Berlin Hbf
07:14,RE 73758,Berlin Ostbahnhof (an 07:24),Berlin Hbf
07:16,EC 171,Praha hl.n. (an 11:24),Berlin Hbf
07:20,RE 4353,Berlin Südkreuz (an 07:26),Berlin Hbf
07:20,RE 62007,Wittenberge (an 08:54),Berlin Hbf
07:21,FEX19819,Flughafen BER (an 08:00),Berlin Hbf
07:23,RE 3106,Cottbus Hbf (an 08:54),Berlin Hbf
07:24,RE 73807,Brandenburg Hbf (an 08:16),Berlin Hbf
07:24,RE 90394,Brandenburg Hbf (an 08:16),Berlin Hbf
07:26 (+1),FLX 1241,Stuttgart Hbf (an 13:30),Berlin Hbf
07:26,ICE 2469,Karlsruhe Hbf (an 13:09),Berlin Hbf
07:26,ICE 73,Zürich HB (an 16:00),Berlin Hbf
07:31 (+1),RE 3342,Schwedt(Oder) (an 08:56),Berlin Hbf
07:32 (+1),IC 2432,Norddeich Mole (an 14:19),Berlin Hbf
07:32 (+1),RE 3303,Jüterbog (an 08:26),Berlin Hbf
07:32,RE 62432,Potsdam Hbf (an 07:57),Berlin Hbf
07:34 (+1),ICE 2911,München Hbf (an 12:42),Berlin Hbf
07:34 Ausfall,ICE 701,München Hbf (an 12:42),Berlin Hbf
07:36 (+5),IC 2274,Warnemünde (an 10:01),Berlin Hbf
07:36,RE 73804,Berlin Ostbahnhof (an 07:46),Berlin Hbf
07:37 (+3),RE 3107,Nauen (an 08:23),Berlin Hbf
07:38 (+1),ICE 1606,Hamburg-Altona (an 10:27),Berlin Hbf
07:40,RE 62004,Flughafen BER (an 08:15),Berlin Hbf
07:41,RE 73763,Brandenburg Hbf (an 08:38),Berlin Hbf
07:42,RE 62058,Elsterwerda (an 09:39),Berlin Hbf
07:45 (+5),ICE 944,Düsseldorf Hbf (an 12:11),Berlin Hbf
07:45 (+5),ICE 954,Köln Hbf (an 12:21),Berlin Hbf
07:46 (+5),RE 3708,Senftenberg (an 09:43),Berlin Hbf
07:47 (+1),RE 3506,Burg Stargard(Meckl) (an 09:22),Berlin Hbf
07:48 (+1),RB 18505,Berlin Südkreuz (an 07:55),Berlin Hbf
07:50,RB 18144,Golm (an 08:28),Berlin Hbf
07:51,RB 18604,Nauen (an 08:27),Berlin Hbf
07:53 (+13),RE 18755,Bad Belzig (an 08:54),Berlin Hbf
07:54,ICE 649,Berlin Ostbahnhof (an 08:02),Berlin Hbf
07:57 (+1),ICE 1035,Frankfurt(Main)Hbf (an 11:57),Berlin Hbf
07:57 (+3),RE 3169,Rathenow (an 08:56),Berlin Hbf
07:58,RE 3335,Berlin Südkreuz (an 08:05),Berlin Hbf
07:59,RE 73718,Frankfurt(Oder) (an 09:05),Berlin Hbf
08:01,RE 73723,Magdeburg Hbf (an 09:47),Berlin Hbf
08:03 (+4),RE 3166,Jüterbog (an 08:56),Berlin Hbf
08:05 (+10),RE 18758,Berlin Ostkreuz (an 08:19),Berlin Hbf
08:06 (+28),IC 148,Amsterdam Centraal (an 14:03),Berlin Hbf
08:09 (+1),FLX 1360,Hamburg Hbf (an 10:24),Berlin Hbf
08:10 (+11),RB 18147,Flughafen BER (an 08:46),Berlin Hbf
08:12 (+2),ICE 1003,München Hbf (an 12:02),Berlin Hbf
08:12,RB 18506,Nauen (an 08:51),Berlin Hbf
08:12 (+1),RB 18605,Berlin Südkreuz (an 08:20),Berlin Hbf
08:14 (+24),RE 3713,Dessau Hbf (an 09:53),Berlin Hbf
08:14,RE 73760,Berlin Ostbahnhof (an 08:24),Berlin Hbf
08:16 (+1),RE 3505,Buchs SG (an 23:15),Berlin Hbf
08:20,RE 62009,Wittenberge (an 09:54),Berlin Hbf
08:23 (+2),RE 3108,Cottbus Hbf (an 09:54),Berlin Hbf
08:24,RE 73809,Brandenburg Hbf (an 09:16),Berlin Hbf
08:24,RE 90408,Brandenburg Hbf (an 09:16),Berlin Hbf
08:26 (+1),IC 2173,Wien Franz-Josefs-Bahnhof (an 16:27),Berlin Hbf
08:26,RE 52173,Elsterwerda (an 09:55),Berlin Hbf
08:28,FLX 1230,Aachen Hbf (an 14:24),Berlin Hbf
08:28 (+1),ICE 2947,München Hbf (an 13:01),Berlin Hbf
08:28 Ausfall,ICE 505,München Hbf (an 13:01),Berlin Hbf
08:29,ICE 279,Karlsruhe Hbf (an 13:52),Berlin Hbf
08:29 (+1),ICE 575,Stuttgart Hbf (an 14:33),Berlin Hbf
08:29 (+8),ICE 841,Berlin Ostbahnhof (an 08:36),Berlin Hbf
08:32 (+3),RE 3343,Lutherstadt Wittenberg Hbf (an 09:59),Berlin Hbf
08:33 (+7),RE 3306,Stralsund Hbf (an 11:39),Berlin Hbf
08:33,RE3,München Hbf (an 23:48),Berlin Hbf
08:36,RE 73806,Berlin Ostbahnhof (an 08:48),Berlin Hbf
08:37 (+33),RE 3109,Nauen (an 09:23),Berlin Hbf
08:38 (+1),ICE 806,Hamburg-Altona (an 11:20),Berlin Hbf
08:40 (+11),IC 2231,Bergen auf Rügen (an 12:02),Berlin Hbf
08:40,RE 62006,Flughafen BER (an 09:15),Berlin Hbf
08:41,RE 73765,Brandenburg Hbf (an 09:38),Berlin Hbf
08:41,RE 91760,Brandenburg Hbf (an 09:38),Berlin Hbf
08:45 (+1),ICE 642,Düsseldorf Hbf (an 13:12),Berlin Hbf
08:45,RE 62060,Baruth(Mark) (an 09:53),Berlin Hbf
08:46 (+4),RE 3710,Senftenberg (an 10:43),Berlin Hbf
08:46 (+1),RE 4354,Rostock Hbf (an 11:23),Berlin Hbf
08:48 (+1),RB 18507,Berlin Südkreuz (an 08:55),Berlin Hbf
08:49 (+10),RB 18146,Potsdam Hbf (an 09:16),Berlin Hbf
08:51,FEX19825,Flughafen BER (an 09:30),Berlin Hbf
08:51,RB 18606,Nauen (an 09:27),Berlin Hbf
08:52 (+22),RE 18757,Bad Belzig (an 09:54),Berlin Hbf
08:56 (+1),RE 3149,Stendal Hbf (an 10:20),Berlin Hbf
08:57 (+1),ICE 652,Köln Hbf (an 13:19),Berlin Hbf
08:57 (+10),ICE 751,Berlin Ostbahnhof (an 09:04),Berlin Hbf
09:00,RE 73720,Berlin Ostbahnhof (an 09:10),Berlin Hbf
09:01,RE 73646,Magdeburg Hbf (an 10:47),Berlin Hbf
09:01,RE 73725,Magdeburg Hbf (an 10:47),Berlin Hbf
09:04 (+1),ICE 1105,München Hbf (an 13:09),Berlin Hbf
09:05 (+2),RE 3148,Falkenberg(Elster) (an 10:34),Berlin Hbf
09:08 (+5),ICE 1050,Köln Hbf (an 14:21),Berlin Hbf
09:10 (+2),RB 18149,Flughafen BER (an 09:46),Berlin Hbf
09:12,RB 18508,Nauen (an 09:51),Berlin Hbf
09:14 (+15),RE 3715,Dessau Hbf (an 10:53),Berlin Hbf
09:14,RE 73762,Berlin Ostbahnhof (an 09:24),Berlin Hbf
09:15,RE 13070,Berlin Südkreuz (an 09:23),Berlin Hbf
09:15,RE 4355,Berlin Südkreuz (an 09:23),Berlin Hbf
09:16 (+1),EC 173,Sturovo (an 19:24),Berlin Hbf
09:17,ICE 1636,Berlin Gesundbrunnen (an 09:07),Berlin Hbf
09:17,RB 18607,Berlin Südkreuz (an 09:24),Berlin Hbf
09:20 (+8),ICE 541,Berlin Ostbahnhof (an 09:27),Berlin Hbf
09:20,RE 62011,Wittenberge (an 10:54),Berlin Hbf
09:21,FEX19827,Flughafen BER (an 10:00),Berlin Hbf
09:23 (+1),RE 3110,Cottbus Hbf (an 10:54),Berlin Hbf
09:24,RE 73811,Brandenburg Hbf (an 10:16),Berlin Hbf
09:24,RE 90418,Brandenburg Hbf (an 10:16),Berlin Hbf
09:26,ICE 2379,Karlsruhe Hbf (an 15:09),Berlin Hbf
09:26 (+1),ICE 75,Zürich HB (an 18:00),Berlin Hbf
09:31 (+2),RE 3305,Jüterbog (an 10:26),Berlin Hbf
09:31 (+9),RE 3344,Schwedt(Oder) (an 10:56),Berlin Hbf
09:33 (+3),ICE 876,Berlin Ostbahnhof (an 09:42),Berlin Hbf
09:34 (+1),ICE 703,München Hbf (an 14:01),Berlin Hbf
09:36 (+1),IC 2272,Warnemünde (an 12:01),Berlin Hbf
09:36,RE 73808,Berlin Ostkreuz (an 09:50),Berlin Hbf
09:37 (+1),RE 3111,Nauen (an 10:23),Berlin Hbf
09:38 (+24),ICE 1604,Hamburg-Altona (an 12:25),Berlin Hbf
09:38 (+24),ICE 1704,Hamburg-Altona (an 12:25),Berlin Hbf
09:40,RE 62008,Flughafen BER (an 10:15),Berlin Hbf
09:41,RE 73767,Brandenburg Hbf (an 10:38),Berlin Hbf
09:41,RE 91062,Brandenburg Hbf (an 10:38),Berlin Hbf
09:42,RE 62062,Elsterwerda (an 11:39),Berlin Hbf
09:45 (+3),ICE 942,Düsseldorf Hbf (an 14:09),Berlin Hbf
09:45 (+3),ICE 952,Köln Hbf (an 14:21),Berlin Hbf
09:46 (+2),RE 3712,Senftenberg (an 11:43),Berlin Hbf
09:47 (+1),RE 3508,Burg Stargard(Meckl) (an 11:22),Berlin Hbf
09:48 (+1),RB 18509,Berlin Südkreuz (an 09:55),Berlin Hbf
09:50 (+6),RB 18148,Golm (an 10:28),Berlin Hbf
09:51,RB 18608,Nauen (an 10:27),Berlin Hbf
09:53,RE 18759,Bad Belzig (an 10:54),Berlin Hbf
09:55,ICE 741,Berlin Ostbahnhof (an 10:01),Berlin Hbf
09:57 (+1),ICE 1037,Frankfurt(Main)Hbf (an 13:57),Berlin Hbf
09:57 (+1),RE 3171,Rathenow (an 10:54),Berlin Hbf
09:58,RE 73722,Berlin Ostbahnhof (an 10:08),Berlin Hbf
10:01,RE 73727,Magdeburg Hbf (an 11:47),Berlin Hbf
10:03 (+4),RE 3168,Jüterbog (an 10:56),Berlin Hbf
10:04 (+6),ICE 2523,Nürnberg Hbf (an 13:23),Berlin Hbf
10:04,ICE 93,Wien Hbf (an 17:47),Berlin Hbf
10:06 (+16),IC 146,Amsterdam Centraal (an 16:03),Berlin Hbf
10:10 (+1),RB 18151,Flughafen BER (an 10:46),Berlin Hbf
10:12,RB 18510,Nauen (an 10:51),Berlin Hbf
10:12 (+1),RB 18609,Berlin Südkreuz (an 10:21),Berlin Hbf
10:14 (+20),RE 3717,Dessau Hbf (an 11:53),Berlin Hbf
10:14,RE 73764,Berlin Ostbahnhof (an 10:24),Berlin Hbf
10:16 (+1),RE 3507,Berlin Südkreuz (an 10:24),Berlin Hbf
10:20 (+1),ICE 843,Berlin Ostbahnhof (an 10:27),Berlin Hbf
10:20 (+1),ICE 853,Berlin Ostbahnhof (an 10:27),Berlin Hbf
10:20,RE 62013,Wittenberge (an 11:54),Berlin Hbf
10:21,FEX19831,Flughafen BER (an 11:00),Berlin Hbf
10:23 (+4),RE 3112,Cottbus Hbf (an 11:54),Berlin Hbf
10:26 (+1),IC 2175,Dresden Hbf (an 12:27),Berlin Hbf
10:26,RE 52175,Elsterwerda (an 11:55),Berlin Hbf
10:27 (+4),ICE 577,Stuttgart Hbf (an 16:33),Berlin Hbf
10:28 (+1),ICE 507,München Hbf (an 15:04),Berlin Hbf
10:32 (+4),RE 3345,Lutherstadt Wittenberg Hbf (an 11:59),Berlin Hbf
10:33 (+5),RE 3308,Stralsund Hbf (an 13:43),Berlin Hbf
10:36,ICE 676,Berlin Gesundbrunnen (an 10:40),Berlin Hbf
10:36,ICE 996,Berlin Südkreuz (an 10:41),Berlin Hbf
10:37 (+16),RE 3113,Nauen (an 11:23),Berlin Hbf
10:38 (+1),ICE 804,Hamburg-Altona (an 13:20),Berlin Hbf
10:40,RE 62010,Flughafen BER (an 11:15),Berlin Hbf
10:41,RE 73769,Brandenburg Hbf (an 11:38),Berlin Hbf
10:41,RE 91764,Brandenburg Hbf (an 11:38),Berlin Hbf
10:45 (+4),ICE 640,Düsseldorf Hbf (an 15:12),Berlin Hbf
10:45,RE 62064,Berlin-Lichterfelde Ost (an 11:00),Berlin Hbf
10:46 (+2),RE 3714,Senftenberg (an 12:43),Berlin Hbf
10:47 (+1),RE 4356,Rostock Hbf (an 13:23),Berlin Hbf
10:48,RB 18511,Berlin Südkreuz (an 10:54),Berlin Hbf
10:50 (+1),RB 18150,Golm (an 11:28),Berlin Hbf
10:50,RB 18610,Nauen (an 11:27),Berlin Hbf
10:51,FEX19833,Flughafen BER (an 11:30),Berlin Hbf
10:53,S,Berlin Südkreuz (S) (an 21:19),Berlin Hbf (S-Bahn)
10:56 (+4),ICE 650,Koblenz Hbf (an 16:16),Berlin Hbf
10:56,RE 3151,Stendal Hbf (an 12:20),Berlin Hbf
10:59,RE 73724,Berlin Ostbahnhof (an 11:09),Berlin Hbf
11:01,RE 73729,Magdeburg Hbf (an 12:47),Berlin Hbf
11:04 (+1),ICE 1107,München Hbf (an 15:08),Berlin Hbf
11:05 (+1),RE 3150,Falkenberg(Elster) (an 12:34),Berlin Hbf
11:10 (+1),RB 18153,Flughafen BER (an 11:46),Berlin Hbf
11:11 (+20),ICE 543,Berlin Ostbahnhof (an 11:27),Berlin Hbf
11:11 (+20),ICE 553,Berlin Ostbahnhof (an 11:18),Berlin Hbf
11:12 (+2),RB 18512,Nauen (an 11:51),Berlin Hbf
11:12,RB 18611,Berlin Südkreuz (an 11:19),Berlin Hbf
11:14 (+3),RE 3719,Dessau Hbf (an 12:53),Berlin Hbf
11:14,RE 73766,Berlin Ostbahnhof (an 11:24),Berlin Hbf
11:15,RE 4357,Berlin Südkreuz (an 11:23),Berlin Hbf
11:16 Ausfall,EC 379,Praha hl.n. (an 15:24),Berlin Hbf
11:20,RE 62015,Wittenberge (an 12:54),Berlin Hbf
11:21,FEX19835,Flughafen BER (an 12:00),Berlin Hbf
11:23,RE 3114,Cottbus Hbf (an 12:54),Berlin Hbf
11:24 (+3),ICE 77,Zürich HB (an 20:00),Berlin Hbf
11:26,ICE 2471,Lutherstadt Wittenberg Hbf (an 12:09),Berlin Hbf
11:32,RE 3368,Schwedt(Oder) (an 12:56),Berlin Hbf
11:33 (+5),ICE 774,Berlin Ostbahnhof (an 11:40),Berlin Hbf
11:34 (+1),ICE 705,München Hbf (an 16:42),Berlin Hbf
11:37 (+32),IC 2270,Warnemünde (an 14:05),Berlin Hbf
11:37 (+1),ICE 602,Hamburg-Altona (an 14:24),Berlin Hbf
11:37 (+14),RE 3115,Nauen (an 12:23),Berlin Hbf
11:40,RE 62012,Flughafen BER (an 12:15),Berlin Hbf
11:41 (+2),ICE 1156,Köln Hbf (an 15:47),Berlin Hbf
11:41,RE 73771,Brandenburg Hbf (an 12:38),Berlin Hbf
11:42,RE 62066,Elsterwerda (an 13:39),Berlin Hbf
11:44 (+6),ICE 1076,Ostseebad Binz (an 15:28),Berlin Hbf
11:44,RE 51076,Prenzlau (an 13:03),Berlin Hbf
11:44,RE21,Prenzlau (an 13:03),Berlin Hbf
11:45 (+3),ICE 940,Düsseldorf Hbf (an 16:08),Berlin Hbf
11:45 (+3),ICE 950,Köln Hbf (an 16:21),Berlin Hbf
11:46 (+6),RE 3716,Senftenberg (an 13:43),Berlin Hbf
11:48 (+1),RB 18513,Berlin Südkreuz (an 11:55),Berlin Hbf
11:50,RB 18152,Golm (an 12:28),Berlin Hbf
11:50,RB 18612,Nauen (an 12:27),Berlin Hbf
11:52,FEX19837,Flughafen BER (an 12:30),Berlin Hbf
11:55 (+15),IC 141,Berlin Ostbahnhof (an 12:01),Berlin Hbf
11:57 (+2),RE 3173,Rathenow (an 12:54),Berlin Hbf
11:59,RE 73726,Berlin Ostbahnhof (an 12:09),Berlin Hbf
12:01,RE 73731,Magdeburg Hbf (an 13:47),Berlin Hbf
12:03 (+11),ICE 1136,Berlin Ostbahnhof (an 12:14),Berlin Hbf
12:03,RE 3170,Jüterbog (an 12:56),Berlin Hbf
12:03,RE 62164,Berlin Südkreuz (an 12:10),Berlin Hbf
12:04 (+1),ICE 1005,München Hbf (an 16:01),Berlin Hbf
12:06 (+3),IC 144,Amsterdam Centraal (an 18:03),Berlin Hbf
12:10 (+2),RB 18155,Flughafen BER (an 12:46),Berlin Hbf
12:10 (+2),RB 18613,Berlin Südkreuz (an 12:16),Berlin Hbf
12:11 (+4),ICE 1073,Berlin Südkreuz (an 12:18),Berlin Hbf
12:11 (+4),RE 51073,Berlin Südkreuz (an 12:18),Berlin Hbf
12:12 (+2),RB 18514,Nauen (an 12:51),Berlin Hbf
12:14 (+10),RE 3721,Dessau Hbf (an 13:53),Berlin Hbf
12:14,RE 73768,Frankfurt(Oder) (an 13:31),Berlin Hbf
12:15,RE 3509,Berlin Südkreuz (an 12:23),Berlin Hbf
12:18,FEX19839,Flughafen BER (an 13:00),Berlin Hbf
12:20 (+54),ICE 845,Berlin Ostbahnhof (an 12:27),Berlin Hbf
12:20 (+54),ICE 855,Berlin Ostbahnhof (an 12:27),Berlin Hbf
12:20,RE 62017,Wittenberge (an 13:54),Berlin Hbf
12:23 (+1),RE 3116,Cottbus Hbf (an 13:54),Berlin Hbf
12:26 (+2),IC 2177,Dresden Hbf (an 14:27),Berlin Hbf
12:26,RE 52177,Elsterwerda (an 13:55),Berlin Hbf
12:28 (+1),ICE 509,München Hbf (an 17:01),Berlin Hbf
12:29,ICE 373,Interlaken Ost (an 21:59),Berlin Hbf
12:29 (+4),ICE 579,Stuttgart Hbf (an 18:33),Berlin Hbf
12:32,IC 2035,Berlin Ostbahnhof (an 12:39),Berlin Hbf
12:32 (+2),RE 3347,Lutherstadt Wittenberg Hbf (an 13:59),Berlin Hbf
12:33 (+3),RE 3310,Stralsund Hbf (an 15:43),Berlin Hbf
12:37 (+2),ICE 994,Berlin Südkreuz (an 12:42),Berlin Hbf
12:37 (+16),RE 3117,Nauen (an 13:23),Berlin Hbf
12:38 (+1),ICE 802,Hamburg-Altona (an 15:23),Berlin Hbf
12:40,RE 62014,Flughafen BER (an 13:15),Berlin Hbf
12:41,RE 73773,Brandenburg Hbf (an 13:38),Berlin Hbf
12:41,RE 91080,Brandenburg Hbf (an 13:38),Berlin Hbf
12:45 (+12),ICE 548,Düsseldorf Hbf (an 17:11),Berlin Hbf
12:45,RE 62068,Baruth(Mark) (an 13:53),Berlin Hbf
12:46 (+22),RE 3718,Senftenberg (an 14:43),Berlin Hbf
12:46,RE 4358,Rostock Hbf (an 15:23),Berlin Hbf
12:48,RB 18515,Berlin Südkreuz (an 12:54),Berlin Hbf
12:50 (+7),RB 18154,Golm (an 13:29),Berlin Hbf
12:50 (+1),RB 18614,Nauen (an 13:27),Berlin Hbf
12:51,FEX19841,Flughafen BER (an 13:30),Berlin Hbf
12:55 (+8),ICE 1545,Berlin Ostbahnhof (an 13:02),Berlin Hbf
12:56 (+12),ICE 558,Köln Hbf (an 17:19),Berlin Hbf
12:56 (+1),RE 3153,Stendal Hbf (an 14:20),Berlin Hbf
12:59,RE 73728,Berlin Ostbahnhof (an 13:09),Berlin Hbf
13:01,RE 73733,Magdeburg Hbf (an 14:47),Berlin Hbf
13:04 (+2),ICE 1109,München Hbf (an 17:10),Berlin Hbf
13:05 (+32),ICE 545,Berlin Ostbahnhof (an 13:27),Berlin Hbf
13:05 (+2),RE 3152,Falkenberg(Elster) (an 14:34),Berlin Hbf
13:07 (+8),ICE 756,Aachen Hbf (an 19:13),Berlin Hbf
13:10 (+7),RB 18157,Flughafen BER (an 13:46),Berlin Hbf
13:10,RB 18615,Berlin Südkreuz (an 13:18),Berlin Hbf
13:12 (+1),RB 18516,Nauen (an 13:51),Berlin Hbf
13:14 (+17),RE 3723,Dessau Hbf (an 14:53),Berlin Hbf
13:14,RE 73770,Frankfurt(Oder) (an 14:31),Berlin Hbf
13:15 (+1),RE 4359,Berlin Südkreuz (an 13:23),Berlin Hbf
13:16 (+2),EC 175,Praha hl.n. (an 17:24),Berlin Hbf
13:20,RE 62019,Wittenberge (an 14:54),Berlin Hbf
13:21,FEX19843,Flughafen BER (an 14:00),Berlin Hbf
13:23 (+5),RE 3118,Cottbus Hbf (an 14:54),Berlin Hbf
13:26,ICE 2473,Leipzig Hbf (an 14:42),Berlin Hbf
13:26 (+3),ICE 79,Zürich HB (an 22:00),Berlin Hbf
13:31 (+1),RE 3309,Jüterbog (an 14:26),Berlin Hbf
13:31 (+5),RE 3348,Schwedt(Oder) (an 14:56),Berlin Hbf
13:33 (+1),ICE 772,Berlin Ostbahnhof (an 13:40),Berlin Hbf
13:34 (+1),ICE 707,München Hbf (an 18:03),Berlin Hbf
13:37 (+1),RE 3119,Nauen (an 14:23),Berlin Hbf
13:38 (+5),IC 2178,Warnemünde (an 16:05),Berlin Hbf
13:38 (+1),ICE 1600,Hamburg-Altona (an 16:24),Berlin Hbf
13:40,RE 62016,Flughafen BER (an 14:15),Berlin Hbf
13:41,RE 73775,Brandenburg Hbf (an 14:38),Berlin Hbf
13:41,RE 91082,Brandenburg Hbf (an 14:38),Berlin Hbf
13:42,RE 62070,Elsterwerda (an 15:39),Berlin Hbf
13:45 (+5),ICE 848,Düsseldorf Hbf (an 18:11),Berlin Hbf
13:45 (+5),ICE 858,Köln Hbf (an 18:21),Berlin Hbf
13:46 (+1),RE 3720,Senftenberg (an 15:43),Berlin Hbf
13:47 (+1),RB 18517,Berlin Südkreuz (an 13:56),Berlin Hbf
13:47 (+1),RE 3512,Burg Stargard(Meckl) (an 15:22),Berlin Hbf
13:48,RB 18616,Nauen (an 14:27),Berlin Hbf
13:50 (+2),RB 18156,Golm (an 14:28),Berlin Hbf
13:51,FEX19845,Flughafen BER (an 14:30),Berlin Hbf
13:55 (+30),FLX 1363,Leipzig Hbf (an 15:22),Berlin Hbf
13:55 (+10),IC 143,Berlin Ostbahnhof (an 14:01),Berlin Hbf
13:57 (+2),RE 3175,Rathenow (an 14:54),Berlin Hbf
13:59,RE 73730,Cottbus Hbf (an 16:05),Berlin Hbf
14:01,RE 73735,Magdeburg Hbf (an 15:47),Berlin Hbf
14:03 (+4),ICE 94,Ostseebad Binz (an 17:58),Berlin Hbf
14:03 (+1),RE 3172,Jüterbog (an 14:56),Berlin Hbf
14:03,RE 50094,Prenzlau (an 15:18),Berlin Hbf
14:03,RE 62168,Berlin Südkreuz (an 14:10),Berlin Hbf
14:03,RE91,Prenzlau (an 15:18),Berlin Hbf
14:04 Ausfall,ICE 1695,München Hbf (an 19:17),Berlin Hbf
14:04 Ausfall,ICE 2915,München Hbf (an 19:17),Berlin Hbf
14:04 (+6),ICE 95,Wien Hbf (an 21:47),Berlin Hbf
14:04,RE 50095,Berlin Südkreuz (an 14:09),Berlin Hbf
14:06 (+1),IC 142,Amsterdam Centraal (an 20:00),Berlin Hbf
14:10 (+3),RB 18159,Flughafen BER (an 14:46),Berlin Hbf
14:10,RB 18617,Berlin Südkreuz (an 14:16),Berlin Hbf
14:11,RE 3511,Berlin Südkreuz (an 14:19),Berlin Hbf
14:12,RB 18518,Nauen (an 14:51),Berlin Hbf
14:14 (+2),RE 3725,Dessau Hbf (an 15:53),Berlin Hbf
14:14,RE 73772,Berlin Ostbahnhof (an 14:24),Berlin Hbf
14:20 (+55),ICE 847,Berlin Ostbahnhof (an 14:27),Berlin Hbf
14:20 (+55),ICE 857,Berlin Ostbahnhof (an 14:27),Berlin Hbf
14:20,RE 62021,Wittenberge (an 15:54),Berlin Hbf
14:21,FEX19847,Flughafen BER (an 15:00),Berlin Hbf
14:23,RE 26107,Cottbus Hbf (an 15:54),Berlin Hbf
14:23 (+9),RE 3120,Cottbus Hbf (an 15:54),Berlin Hbf
14:24,RE 73815,Brandenburg Hbf (an 15:16),Berlin Hbf
14:26 (+3),IC 2179,Dresden Hbf (an 16:27),Berlin Hbf
14:26,RE 52179,Elsterwerda (an 15:55),Berlin Hbf
14:29 Ausfall,ICE 1601,München Hbf (an 19:03),Berlin Hbf
14:29,ICE 375,Basel Bad Bf (an 21:34),Berlin Hbf
14:29 (+3),ICE 771,Stuttgart Hbf (an 20:33),Berlin Hbf
14:32 (+1),RE 3349,Lutherstadt Wittenberg Hbf (an 15:59),Berlin Hbf
14:33 (+4),RE 3312,Stralsund Hbf (an 17:43),Berlin Hbf
14:36,RE 73812,Berlin Ostbahnhof (an 14:46),Berlin Hbf
14:37 (+5),RE 3121,Nauen (an 15:23),Berlin Hbf
14:38 (+1),ICE 800,Hamburg-Altona (an 17:20),Berlin Hbf
14:40,RE 62018,Flughafen BER (an 15:15),Berlin Hbf
14:41,RE 73777,Brandenburg Hbf (an 15:38),Berlin Hbf
14:41,RE 91084,Brandenburg Hbf (an 15:38),Berlin Hbf
14:45 (+6),ICE 546,Köln Hbf (an 19:41),Berlin Hbf
14:45,RE 62072,Finsterwalde(Niederlausitz) (an 16:29),Berlin Hbf
14:46 (+1),RE 3722,Senftenberg (an 16:43),Berlin Hbf
14:46 (+1),RE 4360,Rostock Hbf (an 17:23),Berlin Hbf
14:48,RB 18519,Berlin Südkreuz (an 14:54),Berlin Hbf
14:50,RB 18158,Golm (an 15:28),Berlin Hbf
14:50,RB 18618,Nauen (an 15:27),Berlin Hbf
14:51,FEX19849,Flughafen BER (an 15:30),Berlin Hbf
14:56 (+3),ICE 2912,Koblenz Hbf (an 20:17),Berlin Hbf
14:56 Ausfall,ICE 556,Koblenz Hbf (an 20:17),Berlin Hbf
14:56 (+1),RE 3155,Stendal Hbf (an 16:20),Berlin Hbf
14:58,RE 73732,Berlin Ostbahnhof (an 15:08),Berlin Hbf
15:01,RE 73737,Magdeburg Hbf (an 16:47),Berlin Hbf
15:01,RE 91482,Magdeburg Hbf (an 16:47),Berlin Hbf
15:02 (+12),RE 18760,Lübbenau(Spreewald) (an 16:13),Berlin Hbf
15:04 (+2),ICE 1111,München Hbf (an 19:11),Berlin Hbf
15:05 (+2),RE 3154,Falkenberg(Elster) (an 16:34),Berlin Hbf
15:06 (+1),ICE 1544,Dortmund Hbf (an 18:48),Berlin Hbf
15:06 (+15),ICE 547,Berlin Ostbahnhof (an 15:27),Berlin Hbf
15:10 (+1),RB 18161,Flughafen BER (an 15:46),Berlin Hbf
15:11 (+17),ICE 2927,Berlin Ostbahnhof (an 15:22),Berlin Hbf
15:11,RB 18619,Berlin Südkreuz (an 15:17),Berlin Hbf
15:12 (+1),RB 18520,Nauen (an 15:51),Berlin Hbf
15:14 (+14),RE 3727,Dessau Hbf (an 16:53),Berlin Hbf
15:14 (+5),RE 73774,Berlin Ostbahnhof (an 15:24),Berlin Hbf
15:15,RE 4361,Berlin Südkreuz (an 15:23),Berlin Hbf
15:16 (+1),EC 177,Praha hl.n. (an 19:24),Berlin Hbf
15:20,RE 62023,Wittenberge (an 16:54),Berlin Hbf
15:21,FEX19851,Flughafen BER (an 16:00),Berlin Hbf
15:23 (+1),RE 3122,Cottbus Hbf (an 16:54),Berlin Hbf
15:24,RE 73817,Brandenburg Hbf (an 16:16),Berlin Hbf
15:24,RE 90966,Brandenburg Hbf (an 16:16),Berlin Hbf
15:26 (+1),ICE 1171,Basel SBB (an 23:04),Berlin Hbf
15:28,FLX 1245,Stuttgart Hbf (an 21:21),Berlin Hbf
15:31 (+6),RE 3311,Jüterbog (an 16:26),Berlin Hbf
15:31 (+4),RE 3350,Schwedt(Oder) (an 16:56),Berlin Hbf
15:32 (+1),IC 2034,Norddeich (an 22:14),Berlin Hbf
15:33 (+2),ICE 770,Berlin Ostbahnhof (an 15:40),Berlin Hbf
15:34 (+73),ICE 709,München Hbf (an 20:43),Berlin Hbf
15:36,RE 73814,Berlin Ostbahnhof (an 15:46),Berlin Hbf
15:37 (+2),IC 2176,Warnemünde (an 18:05),Berlin Hbf
15:37 (+11),RE 3123,Nauen (an 16:23),Berlin Hbf
15:38 (+1),ICE 508,Hamburg-Altona (an 18:38),Berlin Hbf
15:39 (+2),ICE 1072,Ostseebad Binz (an 19:29),Berlin Hbf
15:39,RE 51072,Prenzlau (an 17:03),Berlin Hbf
15:40,RE 62020,Flughafen BER (an 16:15),Berlin Hbf
15:41 (+11),RE 73779,Brandenburg Hbf (an 16:38),Berlin Hbf
15:42,RE 62074,Elsterwerda (an 17:39),Berlin Hbf
15:45 (+1),ICE 846,Mönchengladbach Hbf (an 20:42),Berlin Hbf
15:45 Ausfall,ICE 856,Köln Hbf (an 20:21),Berlin Hbf
15:46 (+3),RE 3724,Senftenberg (an 17:43),Berlin Hbf
15:47 (+1),RE 3514,Burg Stargard(Meckl) (an 17:22),Berlin Hbf
15:48 (+1),RB 18521,Berlin Südkreuz (an 15:55),Berlin Hbf
15:49 (+9),RB 18160,Golm (an 16:28),Berlin Hbf
15:50,RB 18620,Nauen (an 16:27),Berlin Hbf
15:51,FEX19853,Flughafen BER (an 16:30),Berlin Hbf
15:54,EN 5,Stockholm Central (an 09:57),Berlin Hbf
15:55 (+14),IC 145,Berlin Ostbahnhof (an 16:01),Berlin Hbf
15:57 (+1),ICE 1131,Frankfurt(Main)Hbf (an 19:57),Berlin Hbf
15:57 (+4),RE 3177,Rathenow (an 16:54),Berlin Hbf
15:58,RE 73734,Frankfurt(Oder) (an 17:05),Berlin Hbf
15:59,RE 3330,Eberswalde Hbf (an 16:47),Berlin Hbf
16:01,RE 73739,Magdeburg Hbf (an 17:47),Berlin Hbf
16:01,RE 91484,Magdeburg Hbf (an 17:47),Berlin Hbf
16:02 (+3),RE 18762,Lübbenau(Spreewald) (an 17:13),Berlin Hbf
16:03 (+7),RE 3174,Jüterbog (an 16:56),Berlin Hbf
16:06 (+3),IC 140,Amsterdam Centraal (an 22:00),Berlin Hbf
16:08 (+3),ICE 1075,Berlin Südkreuz (an 16:13),Berlin Hbf
16:09 (+4),RB 18621,Berlin Südkreuz (an 16:16),Berlin Hbf
16:10 (+2),RB 18163,Flughafen BER (an 16:46),Berlin Hbf
16:11 (+3),ICE 1007,München Hbf (an 20:02),Berlin Hbf
16:12 (+1),RB 18522,Nauen (an 16:51),Berlin Hbf
16:14 (+5),RE 3729,Dessau Hbf (an 17:53),Berlin Hbf
16:14,RE 73776,Berlin Ostbahnhof (an 16:24),Berlin Hbf
16:18,FEX19855,Flughafen BER (an 17:00),Berlin Hbf
16:20 (+10),ICE 849,Berlin Ostbahnhof (an 16:27),Berlin Hbf
16:20 (+10),ICE 859,Berlin Ostbahnhof (an 16:27),Berlin Hbf
16:20 (+5),RE 62025,Wittenberge (an 17:54),Berlin Hbf
16:21 (+1),RE 3513,Berlin Südkreuz (an 16:28),Berlin Hbf
16:23 (+2),RE 3124,Cottbus Hbf (an 17:54),Berlin Hbf
16:25,RE 73819,Brandenburg Hbf (an 17:16),Berlin Hbf
16:26 (+7),IC 2271,Chemnitz Hbf (an 19:42),Berlin Hbf
16:26,RE 52271,Elsterwerda (an 17:55),Berlin Hbf
16:29,FLX 1236,Köln Hbf (an 21:55),Berlin Hbf
16:29 (+31),ICE 603,München Hbf (an 21:03),Berlin Hbf
16:30 (+6),ICE 773,Stuttgart Hbf (an 22:50),Berlin Hbf
16:32 (+3),RE 3351,Lutherstadt Wittenberg Hbf (an 17:59),Berlin Hbf
16:33 (+10),RE 3314,Stralsund Hbf (an 19:43),Berlin Hbf
16:36 (+14),RE 73816,Berlin Ostbahnhof (an 16:46),Berlin Hbf
16:37 (+10),RE 3125,Nauen (an 17:23),Berlin Hbf
16:38 (+13),ICE 708,Kiel Hbf (an 20:22),Berlin Hbf
16:40,RE 62022,Flughafen BER (an 17:15),Berlin Hbf
16:41 (+10),RE 73781,Brandenburg Hbf (an 17:38),Berlin Hbf
16:45 (+2),ICE 544,Köln Hbf (an 21:51),Berlin Hbf
16:45,RE 62076,Finsterwalde(Niederlausitz) (an 18:29),Berlin Hbf
16:46 (+8),RE 3726,Senftenberg (an 18:43),Berlin Hbf
16:46 (+7),RE 4362,Rostock Hbf (an 19:23),Berlin Hbf
16:47 (+1),RB 18523,Berlin Südkreuz (an 16:55),Berlin Hbf
16:50 (+4),RB 18162,Golm (an 17:28),Berlin Hbf
16:51,FEX19857,Flughafen BER (an 17:30),Berlin Hbf
16:55,ICE 759,Berlin Ostbahnhof (an 17:02),Berlin Hbf
16:56 (+2),ICE 2918,Köln Hbf (an 21:27),Berlin Hbf
16:56 Ausfall,ICE 554,Köln Hbf (an 21:27),Berlin Hbf
16:56 (+32),RE 3157,Stendal Hbf (an 18:42),Berlin Hbf
16:58 (+19),RE 73736,Berlin Ostbahnhof (an 17:08),Berlin Hbf
17:01,RE 73741,Magdeburg Hbf (an 18:47),Berlin Hbf
17:02 (+5),RE 18764,Cottbus Hbf (an 18:46),Berlin Hbf
17:04 (+1),ICE 1113,München Hbf (an 21:12),Berlin Hbf
17:07 (+3),ICE 549,Berlin Ostbahnhof (an 17:27),Berlin Hbf
17:07 (+3),ICE 559,Berlin Ostbahnhof (an 17:17),Berlin Hbf
17:07 (+3),RE 3156,Falkenberg(Elster) (an 18:34),Berlin Hbf
17:10 (+4),RB 18165,Flughafen BER (an 17:46),Berlin Hbf
17:11,RB 18623,Berlin Südkreuz (an 17:18),Berlin Hbf
17:14 (+29),RE 3731,Dessau Hbf (an 18:53),Berlin Hbf
17:14 (+11),RE 73778,Berlin Ostbahnhof (an 17:24),Berlin Hbf
17:15 (+1),RE 4363,Berlin Südkreuz (an 17:22),Berlin Hbf
17:16 (+4),EC 179,Praha hl.n. (an 21:24),Berlin Hbf
17:20 (+6),RE 62027,Wittenberge (an 18:54),Berlin Hbf
17:21,FEX19859,Flughafen BER (an 18:00),Berlin Hbf
17:23,RE 18444,Cottbus Hbf (an 18:54),Berlin Hbf
17:23 (+1),RE 3126,Cottbus Hbf (an 18:54),Berlin Hbf
17:24,RE 73821,Brandenburg Hbf (an 18:17),Berlin Hbf
17:24,RE 90970,Brandenburg Hbf (an 18:17),Berlin Hbf
17:26,ICE 2477,Leipzig Hbf (an 18:42),Berlin Hbf
17:26 (+5),ICE 273,Karlsruhe Hbf (an 23:09),Berlin Hbf
17:31 (+2),RE 3313,Jüterbog (an 18:26),Berlin Hbf
17:32 (+12),RE 3352,Schwedt(Oder) (an 18:56),Berlin Hbf
17:33 (+1),ICE 2548,Berlin Ostbahnhof (an 17:40),Berlin Hbf
17:33 (+1),ICE 578,Berlin Ostbahnhof (an 17:40),Berlin Hbf
17:34 (+22),ICE 801,München Hbf (an 22:44),Berlin Hbf
17:35 (+3),IC 2232,Magdeburg Hbf (an 18:55),Berlin Hbf
17:36,RE 73818,Berlin Ostbahnhof (an 17:46),Berlin Hbf
17:37 (+11),IC 2174,Warnemünde (an 20:01),Berlin Hbf
17:38 (+11),ICE 506,Hamburg-Altona (an 20:25),Berlin Hbf
17:40,RE 62024,Flughafen BER (an 18:15),Berlin Hbf
17:41,ICE 1154,Köln Hbf (an 22:03),Berlin Hbf
17:41,RE 3184,Brandenburg Hbf (an 18:38),Berlin Hbf
17:41 (+9),RE 73783,Brandenburg Hbf (an 18:38),Berlin Hbf
17:42,RE 62078,Elsterwerda (an 19:39),Berlin Hbf
17:43 (+13),ICE 1070,Stralsund Hbf (an 20:33),Berlin Hbf
17:43,RE 51070,Prenzlau (an 19:03),Berlin Hbf
17:45 (+5),ICE 844,Düsseldorf Hbf (an 22:12),Berlin Hbf
17:45 (+5),ICE 854,Köln Hbf (an 22:28),Berlin Hbf
17:46 (+1),RE 3728,Senftenberg (an 19:43),Berlin Hbf
17:47,RE 3516,Neustrelitz Hbf (an 18:59),Berlin Hbf
17:48 (+1),RB 18525,Berlin Südkreuz (an 17:55),Berlin Hbf
17:50 (+2),RB 18164,Golm (an 18:29),Berlin Hbf
17:50,RB 18624,Nauen (an 18:27),Berlin Hbf
17:51,FEX19861,Flughafen BER (an 18:30),Berlin Hbf
17:55 (+17),IC 147,Berlin Ostbahnhof (an 18:01),Berlin Hbf
17:56,RE 26117,Berlin-Spandau (an 18:06),Berlin Hbf
17:56 (+3),RE 3179,Rathenow (an 18:56),Berlin Hbf
17:57 (+5),ICE 1135,Frankfurt(Main)Hbf (an 21:57),Berlin Hbf
17:58,RE 73738,Frankfurt(Oder) (an 19:05),Berlin Hbf
18:01,RE 73743,Magdeburg Hbf (an 19:47),Berlin Hbf
18:01,RE 91488,Magdeburg Hbf (an 19:47),Berlin Hbf
18:03 (+1),RE 3176,Jüterbog (an 18:56),Berlin Hbf
18:06 (+3),ICE 742,Münster(Westf)Hbf (an 21:34),Berlin Hbf
18:09 (+1),RB 18625,Berlin Südkreuz (an 18:16),Berlin Hbf
18:10 (+5),RB 18167,Flughafen BER (an 18:46),Berlin Hbf
18:12 (+1),ICE 1009,München Hbf (an 22:01),Berlin Hbf
18:12,RB 18526,Nauen (an 18:51),Berlin Hbf
18:14 (+16),RE 3733,Dessau Hbf (an 19:53),Berlin Hbf
18:14 (+9),RE 73780,Berlin Ostbahnhof (an 18:24),Berlin Hbf
18:16,RE 3515,Berlin Südkreuz (an 18:24),Berlin Hbf
18:20 (+2),ICE 941,Berlin Ostbahnhof (an 18:27),Berlin Hbf
18:20 (+2),ICE 951,Berlin Ostbahnhof (an 18:27),Berlin Hbf
18:20,RE 62029,Wittenberge (an 19:54),Berlin Hbf
18:21,FEX19863,Flughafen BER (an 19:00),Berlin Hbf
18:23 (+2),RE 3128,Cottbus Hbf (an 19:55),Berlin Hbf
18:25,RE 73823,Brandenburg Hbf (an 19:16),Berlin Hbf
18:25,RE 90972,Brandenburg Hbf (an 19:16),Berlin Hbf
18:26,IC 2273,Chemnitz Hbf (an 21:42),Berlin Hbf
18:26,RE 52273,Elsterwerda (an 19:55),Berlin Hbf
18:29 (+1),ICE 1605,München Hbf (an 23:03),Berlin Hbf
18:29 (+1),ICE 1705,Jena-Göschwitz (an 21:33),Berlin Hbf
18:29 (+5),ICE 775,Frankfurt(Main)Hbf (an 22:44),Berlin Hbf
18:30 (+1),IC 2431,Cottbus Hbf (an 19:59),Berlin Hbf
18:30 (+4),RE 62431,Cottbus Hbf (an 19:59),Berlin Hbf
18:32,RE 3353,Lutherstadt Wittenberg Hbf (an 19:59),Berlin Hbf
18:33 (+1),RE 3316,Stralsund Hbf (an 21:43),Berlin Hbf
18:36,RE 73820,Berlin Ostbahnhof (an 18:46),Berlin Hbf
18:37 (+18),RE 3129,Nauen (an 19:23),Berlin Hbf
18:38 (+1),ICE 2916,Hamburg-Altona (an 21:36),Berlin Hbf
18:38 Ausfall,ICE 706,Hamburg-Altona (an 21:36),Berlin Hbf
18:40,RE 62026,Flughafen BER (an 19:15),Berlin Hbf
18:41,RE 3186,Brandenburg Hbf (an 19:38),Berlin Hbf
18:41 (+7),RE 73785,Brandenburg Hbf (an 19:38),Berlin Hbf
18:45 (+1),ICE 542,Köln Hbf (an 23:49),Berlin Hbf
18:45,RE 62080,Finsterwalde(Niederlausitz) (an 20:29),Berlin Hbf
18:46 (+4),RE 3730,Senftenberg (an 20:43),Berlin Hbf
18:47,RB 18527,Berlin Südkreuz (an 18:54),Berlin Hbf
18:47 (+1),RE 4364,Rostock Hbf (an 21:23),Berlin Hbf
18:50,RB 18166,Berlin-Charlottenburg (an 18:58),Berlin Hbf
18:51,FEX19865,Flughafen BER (an 19:30),Berlin Hbf
18:56,ICE 19,Frankfurt(Main)Hbf (an 21:31),Berlin Hbf
18:56 (+1),ICE 552,Köln Hbf (an 23:27),Berlin Hbf
18:56 (+1),RE 3159,Stendal Hbf (an 20:20),Berlin Hbf
19:00,RE 73740,Frankfurt(Oder) (an 20:05),Berlin Hbf
19:01,RE 73745,Magdeburg Hbf (an 20:47),Berlin Hbf
19:01,RE 91490,Magdeburg Hbf (an 20:47),Berlin Hbf
19:04 (+1),ICE 1115,München Hbf (an 23:07),Berlin Hbf
19:05 (+1),RE 3158,Falkenberg(Elster) (an 20:34),Berlin Hbf
19:06,ICE 651,Berlin Ostbahnhof (an 19:13),Berlin Hbf
19:10 (+1),RB 18169,Flughafen BER (an 19:46),Berlin Hbf
19:10,RB23,Züssow (an 06:48),Berlin Hbf
19:11 (+2),RB 18627,Berlin Südkreuz (an 19:18),Berlin Hbf
19:12,RB 18528,Nauen (an 19:51),Berlin Hbf
19:14 (+19),RE 3735,Dessau Hbf (an 20:53),Berlin Hbf
19:14,RE 73782,Berlin Ostbahnhof (an 19:24),Berlin Hbf
19:15,IC 2251,Dresden Hbf (an 21:14),Berlin Hbf
19:15 (+1),RE 4365,Berlin Südkreuz (an 19:23),Berlin Hbf
19:20 (+1),ICE 641,Berlin Ostbahnhof (an 19:27),Berlin Hbf
19:20,RE 62031,Wittenberge (an 20:54),Berlin Hbf
19:21,EN 27N,Bad Schandau (an 22:46),Berlin Hbf
19:21,FEX19867,Flughafen BER (an 20:00),Berlin Hbf
19:23,RE 3130,Cottbus Hbf (an 20:54),Berlin Hbf
19:26,ICE 675,Wiesbaden Hbf (an 00:58),Berlin Hbf
19:26 (+1),ICE 997,Kassel-Wilhelmshöhe (an 22:12),Berlin Hbf
19:34 (+1),ICE 803,Nürnberg Hbf (an 23:09),Berlin Hbf
19:35,RE 3371,Ludwigsfelde (an 20:06),Berlin Hbf
19:36 (+2),IC 2172,Rostock Hbf (an 21:37),Berlin Hbf
19:37 (+16),RE 3131,Nauen (an 20:23),Berlin Hbf
19:38 (+13),ICE 2932,Hamburg-Altona (an 22:25),Berlin Hbf
19:38 Ausfall,ICE 504,Hamburg-Altona (an 22:25),Berlin Hbf
19:40,RE 62028,Flughafen BER (an 20:15),Berlin Hbf
19:41,RE 3188,Brandenburg Hbf (an 20:38),Berlin Hbf
19:41,RE 3370,Schwedt(Oder) (an 20:59),Berlin Hbf
19:41,RE 73787,Brandenburg Hbf (an 20:38),Berlin Hbf
19:42,RE 62082,Elsterwerda (an 21:39),Berlin Hbf
19:45 (+1),ICE 842,Köln Hbf (an 00:56),Berlin Hbf
19:46 (+3),RE 3732,Senftenberg (an 21:43),Berlin Hbf
19:48,RB 18529,Berlin Südkreuz (an 19:56),Berlin Hbf
19:48,RE 3518,Burg Stargard(Meckl) (an 21:22),Berlin Hbf
19:50,RB 18168,Berlin-Charlottenburg (an 19:58),Berlin Hbf
19:50,RB 18628,Nauen (an 20:27),Berlin Hbf
19:51,FEX19869,Flughafen BER (an 20:30),Berlin Hbf
19:55 (+38),IC 149,Berlin Ostbahnhof (an 20:01),Berlin Hbf
19:56,ICE 1002,Berlin Gesundbrunnen (an 20:00),Berlin Hbf
19:57,RE 3181,Rathenow (an 20:56),Berlin Hbf
19:58,D 300,Stockholm Central (an 13:20),Berlin Hbf
19:59,RE 73742,Frankfurt(Oder) (an 21:05),Berlin Hbf
20:01,RE 73747,Magdeburg Hbf (an 21:47),Berlin Hbf
20:09 (+1),RB 18629,Berlin Südkreuz (an 20:16),Berlin Hbf
20:09,RB14,Berlin Südkreuz (an 20:16),Berlin Hbf
20:10,RB 18171,Flughafen BER (an 20:46),Berlin Hbf
20:12 (+1),RB 18530,Nauen (an 20:51),Berlin Hbf
20:12 (+1),RE 3517,Berlin Südkreuz (an 20:20),Berlin Hbf
20:14,RE 73784,Berlin Ostbahnhof (an 20:24),Berlin Hbf
20:18,FEX19871,Flughafen BER (an 21:00),Berlin Hbf
20:20 (+18),ICE 943,Berlin Ostbahnhof (an 20:27),Berlin Hbf
20:20 (+18),ICE 953,Berlin Ostbahnhof (an 20:27),Berlin Hbf
20:20,RE 62033,Wittenberge (an 21:54),Berlin Hbf
20:23 (+3),RE 3132,Cottbus Hbf (an 21:54),Berlin Hbf
20:23,RE 92824,Lübbenau(Spreewald) (an 21:32),Berlin Hbf
20:26 (+2),IC 2275,Dresden Hbf (an 22:35),Berlin Hbf
20:26,RE 17,Elsterwerda (an 21:55),Berlin Hbf
20:26,RE 52275,Elsterwerda (an 21:55),Berlin Hbf
20:29 (+1),ICE 1607,Erfurt Hbf (an 22:29),Berlin Hbf
20:30 (+1),ICE 879,Kassel-Wilhelmshöhe (an 23:09),Berlin Hbf
20:32 (+1),RE 3355,Lutherstadt Wittenberg Hbf (an 21:56),Berlin Hbf
20:33 (+7),RE 3318,Stralsund Hbf (an 23:43),Berlin Hbf
20:37,RE 3133,Nauen (an 21:23),Berlin Hbf
20:38 (+2),ICE 704,Hamburg Hbf (an 23:10),Berlin Hbf
20:40,RE 62030,Flughafen BER (an 21:15),Berlin Hbf
20:41,RE 73789,Brandenburg Hbf (an 21:39),Berlin Hbf
20:41,RE 91814,Brandenburg Hbf (an 21:39),Berlin Hbf
20:45,RE 62084,Rangsdorf (an 21:23),Berlin Hbf
20:46 (+1),ICE 540,Oldenburg(Oldb)Hbf (an 00:23),Berlin Hbf
20:46 (+21),RE 3734,Cottbus Hbf (an 22:33),Berlin Hbf
20:47,RE 4366,Rostock Hbf (an 23:23),Berlin Hbf
20:48,RB 18531,Berlin Südkreuz (an 20:55),Berlin Hbf
20:50,RB 18630,Nauen (an 21:27),Berlin Hbf
20:51,FEX19873,Flughafen BER (an 21:30),Berlin Hbf
20:55 (+10),ICE 1053,Berlin Ostbahnhof (an 21:02),Berlin Hbf
20:56,RE 3161,Stendal Hbf (an 22:13),Berlin Hbf
20:59,RE 73744,Berlin Ostbahnhof (an 21:09),Berlin Hbf
21:01 (+2),IC 60408,Zürich HB (an 09:05),Berlin Hbf
21:01,NJ 12N,Baden-Baden (an 05:26),Berlin Hbf
21:01 (+2),NJ 408,Zürich HB (an 09:05),Berlin Hbf
21:01,RE 73749,Magdeburg Hbf (an 22:47),Berlin Hbf
21:04,RE 91560,Jüterbog (an 21:55),Berlin Hbf
21:04,RE4,Aachen Hbf (an 23:36),Berlin Hbf
21:11 (+5),RB 18631,Berlin Südkreuz (an 21:18),Berlin Hbf
21:14 (+3),RE 3739,Dessau Hbf (an 22:52),Berlin Hbf
21:14 (+2),RE 4367,Berlin Südkreuz (an 21:21),Berlin Hbf
21:14,RE 73786,Berlin Ostbahnhof (an 21:24),Berlin Hbf
21:20,FEX19875,Flughafen BER (an 21:59),Berlin Hbf
21:20 (+20),ICE 643,Berlin Ostbahnhof (an 21:27),Berlin Hbf
21:20 (+20),ICE 653,Berlin Ostbahnhof (an 21:27),Berlin Hbf
21:20,RE 62035,Wittenberge (an 22:54),Berlin Hbf
21:23 (+13),RE 3134,Cottbus Hbf (an 22:56),Berlin Hbf
21:27 (+4),ICE 699,München Hbf (an 07:28),Berlin Hbf
21:27,ICE 840,Hannover Hbf (an 23:22),Berlin Hbf
21:29,ICE 118,Berlin Ostbahnhof (an 21:35),Berlin Hbf
21:33 (+20),ICE 574,Berlin Ostbahnhof (an 21:40),Berlin Hbf
21:33,RE 3328,Schwedt(Oder) (an 22:58),Berlin Hbf
21:33,RE 3359,Jüterbog (an 22:27),Berlin Hbf
21:34 (+1),FLX 1239,Berlin Südkreuz (an 21:38),Berlin Hbf
21:37,RE 3135,Nauen (an 22:23),Berlin Hbf
21:38 (+18),ICE 502,Hamburg-Altona (an 00:46),Berlin Hbf
21:40,RE 62032,Flughafen BER (an 22:15),Berlin Hbf
21:41,RE 73791,Magdeburg Hbf (an 23:40),Berlin Hbf
21:41,RE 91816,Magdeburg Hbf (an 23:40),Berlin Hbf
21:42,RE 62086,Elsterwerda (an 23:39),Berlin Hbf
21:46 (+1),RE 3736,Lübben(Spreewald) (an 22:58),Berlin Hbf
21:47,RE 3520,Neustrelitz Hbf (an 22:59),Berlin Hbf
21:52,FEX19877,Flughafen BER (an 22:33),Berlin Hbf
21:55 (+2),IC 241,Berlin Ostbahnhof (an 22:01),Berlin Hbf
21:58 (+91),RJ 256,Berlin-Charlottenburg (an 22:05),Berlin Hbf
22:13 (+10),ICE 609,Berlin Südkreuz (an 22:17),Berlin Hbf
22:14,RE 73788,Berlin Ostbahnhof (an 22:24),Berlin Hbf
22:16 (+10),RE 3741,Bad Belzig (an 23:18),Berlin Hbf
22:22,RE 62037,Wittenberge (an 23:54),Berlin Hbf
22:28 (+4),IC 297,Wien Hbf (an 10:47),Berlin Hbf
22:28 (+17),ICE 945,Berlin Ostbahnhof (an 22:34),Berlin Hbf
22:28 (+17),ICE 955,Berlin Ostbahnhof (an 22:34),Berlin Hbf
22:31 (+3),RE 3357,Lutherstadt Wittenberg Hbf (an 00:02),Berlin Hbf
22:33 (+1),RE 3320,Schwedt(Oder) (an 23:57),Berlin Hbf
22:40 (+5),ICE 700,Hamburg-Altona (an 01:33),Berlin Hbf
22:40,RE 62034,Flughafen BER (an 23:15),Berlin Hbf
22:41,RE 73793,Brandenburg Hbf (an 23:39),Berlin Hbf
22:41,RE1,Göttingen (an 22:50),Berlin Hbf
22:45,RE 62088,Baruth(Mark) (an 23:53),Berlin Hbf
22:46 (+5),RE 3738,Berlin Friedrichstr (an 22:48),Berlin Hbf
22:46,RE 4368,Rostock Hbf (an 01:21),Berlin Hbf
22:46,RE5,Oberhausen Hbf (an 21:25),Berlin Hbf
22:56,RE 73748,Frankfurt(Oder) (an 00:14),Berlin Hbf
23:07 (+9),RE 3185,Stendal Hbf (an 00:19),Berlin Hbf
23:08,ICE 655,Berlin Ostbahnhof (an 23:15),Berlin Hbf
23:20,ICE 645,Berlin Ostbahnhof (an 23:27),Berlin Hbf
23:20,RE 62039,Nauen (an 23:54),Berlin Hbf
23:20,RE8,Schwerin Hbf (an 23:57),Berlin Hbf
23:21,FEX19881,Flughafen BER (an 00:00),Berlin Hbf
23:29,ICE 807,Berlin Ostbahnhof (an 23:35),Berlin Hbf
23:33 (+1),ICE 572,Berlin Ostbahnhof (an 23:40),Berlin Hbf
23:33 (+2),RE 3319,Jüterbog (an 00:32),Berlin Hbf
23:33,RE 3325,Berlin Südkreuz (an 23:41),Berlin Hbf
23:33,RE 3358,Eberswalde Hbf (an 00:12),Berlin Hbf
23:37,RE 3139,Nauen (an 00:23),Berlin Hbf
23:40,RE 62036,Flughafen BER (an 00:15),Berlin Hbf
23:41,RE 73795,Berlin-Wannsee (an 23:59),Berlin Hbf
23:46 (+5),RE 3740,Berlin Friedrichstr (an 23:48),Berlin Hbf
23:57,ICE 1018,Berlin Gesundbrunnen (an 00:01),Berlin Hbf
