Ankunft,Zugnr.,von (Abfahrt),Ankunftsbhf.
00:01 (+3),RE 3182,Rathenow (ab 23:06),Berlin Hbf
00:01,RE 62187,Rathenow (ab 23:06),Berlin Hbf
00:01,RE 73829,Frankfurt(Oder) (ab 22:55),Berlin Hbf
00:16,RE 62045,Berlin Ostkreuz (ab 00:02),Berlin Hbf
00:18 (+6),ICE 2401,Berlin Ostbahnhof (ab 00:11),Berlin Hbf
00:27 (+13),ICE 907,Hamburg-Altona (ab 21:22),Berlin Hbf
00:28,RE 3701,Berlin Ostbahnhof (ab 00:18),Berlin Hbf
00:33,FEX19878,Schönefeld(bei Berlin) (ab 00:06),Berlin Hbf
00:34,RE 3360,Ludwigsfelde (ab 00:04),Berlin Hbf
00:34 (+2),RE 3366,Ludwigsfelde (ab 00:04),Berlin Hbf
00:38,RE 62038,Falkensee (ab 00:15),Berlin Hbf
00:38,RE8,Berlin Ostkreuz (ab 00:02),Berlin Hbf
00:39,RE 73797,Fangschleuse (ab 00:04),Berlin Hbf
00:40 (+37),ICE 376,Interlaken Ost (ab 15:00),Berlin Hbf
00:47,RE 3141,Bestensee (ab 00:03),Berlin Hbf
00:47,RE2,Großburgwedel (ab 00:00),Berlin Hbf
00:51 (+4),RE 3100,Nauen (ab 00:08),Berlin Hbf
00:56 (+6),RE 3742,Borkheide (ab 00:09),Berlin Hbf
00:56,RE7,Borkheide (ab 00:09),Berlin Hbf
01:11,RE 62089,Baruth(Mark) (ab 00:07),Berlin Hbf
01:13,RE 62041,Flughafen BER (ab 00:40),Berlin Hbf
01:20,RE 73794,Wusterwitz (ab 00:10),Berlin Hbf
01:39,RE 73753,Frankfurt(Oder) (ab 00:24),Berlin Hbf
01:45,RE 62042,Berlin-Charlottenburg (ab 01:36),Berlin Hbf
01:45,RE 92042,Berlin-Charlottenburg (ab 01:36),Berlin Hbf
01:46,FEX19880,Flughafen BER (ab 01:15),Berlin Hbf
01:58 (+18),ICE 1500,München Hbf (ab 19:10),Berlin Hbf
02:13,RE 62047,Flughafen BER (ab 01:39),Berlin Hbf
02:43,RE 62046,Nauen (ab 02:02),Berlin Hbf
03:13,FEX19801,Berlin-Charlottenburg (ab 03:05),Berlin Hbf
03:13,RE 62043,Flughafen BER (ab 02:41),Berlin Hbf
03:28,FEX19803,Berlin-Charlottenburg (ab 03:20),Berlin Hbf
03:28,RE FEX,Schönefeld(bei Berlin) (ab 00:06),Berlin Hbf
03:43,RE 62044,Berlin-Charlottenburg (ab 03:34),Berlin Hbf
04:12 (+4),RE 3749,Berlin Ostkreuz (ab 03:58),Berlin Hbf
04:12,RE 94749,Berlin Ostkreuz (ab 03:56),Berlin Hbf
04:17,RE 62001,Flughafen BER (ab 03:44),Berlin Hbf
04:21 (+10),ICE 646,Berlin Ostbahnhof (ab 04:12),Berlin Hbf
04:31,RE 73800,Berlin-Charlottenburg (ab 04:23),Berlin Hbf
04:35 (+1),RE 3101,Berlin Ostkreuz (ab 04:19),Berlin Hbf
04:39,RE 62048,Nauen (ab 04:01),Berlin Hbf
04:39,RE 73757,Berlin Ostkreuz (ab 04:25),Berlin Hbf
04:44,RE 3369,Eberswalde Hbf (ab 04:03),Berlin Hbf
04:44,RE 3702,Bad Belzig (ab 03:41),Berlin Hbf
04:59,RE 73717,Frankfurt(Oder) (ab 03:41),Berlin Hbf
05:02 (+2),RE 3144,Rathenow (ab 04:06),Berlin Hbf
05:03,FEX19800,Flughafen BER (ab 04:25),Berlin Hbf
05:05,RB 18141,Berlin-Charlottenburg (ab 04:57),Berlin Hbf
05:09,RB 18500,Berlin Südkreuz (ab 05:02),Berlin Hbf
05:10 (+1),RE 4351,Neustrelitz Hbf (ab 03:49),Berlin Hbf
05:12,RE 3707,Lübbenau(Spreewald) (ab 03:54),Berlin Hbf
05:12,RE 62051,Baruth(Mark) (ab 04:08),Berlin Hbf
05:12,RE 73754,Kirchmöser (ab 04:16),Berlin Hbf
05:17,RE 62003,Flughafen BER (ab 04:44),Berlin Hbf
05:21 (+4),RE 3102,Nauen (ab 04:36),Berlin Hbf
05:24 (+13),ICE 1701,Berlin Gesundbrunnen (ab 05:20),Berlin Hbf
05:27 (+2),RE 3340,Jüterbog (ab 04:32),Berlin Hbf
05:28 (+1),RE 3301,Angermünde (ab 04:27),Berlin Hbf
05:31,RE 62000,Wittenberge (ab 04:03),Berlin Hbf
05:33,FEX19802,Flughafen BER (ab 04:58),Berlin Hbf
05:35,RE 3103,Lübbenau(Spreewald) (ab 04:12),Berlin Hbf
05:37 (+27),ICE 2400,München Hbf (ab 17:47),Berlin Hbf
05:39,RE 73759,Berlin Ostkreuz (ab 05:25),Berlin Hbf
05:43 (+3),RE 3704,Dessau Hbf (ab 04:05),Berlin Hbf
05:44,RE 3504,Berlin Südkreuz (ab 05:36),Berlin Hbf
05:45 (+3),RB 18501,Nauen (ab 05:08),Berlin Hbf
05:48,RB 18140,Flughafen BER (ab 05:13),Berlin Hbf
05:48,RB 18600,Berlin Südkreuz (ab 05:41),Berlin Hbf
05:53 (+1),RE 3167,Jüterbog (ab 05:03),Berlin Hbf
05:57,RE 73714,Brandenburg Hbf (ab 05:05),Berlin Hbf
05:59,RE 73719,Eisenhüttenstadt (ab 04:26),Berlin Hbf
06:01 (+1),RE 3164,Stendal Hbf (ab 04:45),Berlin Hbf
06:03,FEX19804,Flughafen BER (ab 05:28),Berlin Hbf
06:03 (+1),IC 240,Berlin Ostbahnhof (ab 05:54),Berlin Hbf
06:03 (+10),RE 18754,Bad Belzig (ab 05:01),Berlin Hbf
06:08,RB 18143,Berlin-Charlottenburg (ab 06:00),Berlin Hbf
06:08 (+1),RB 18601,Nauen (ab 05:31),Berlin Hbf
06:09,RB 18502,Berlin Südkreuz (ab 06:02),Berlin Hbf
06:09 (+5),RE 3503,Burg Stargard(Meckl) (ab 04:31),Berlin Hbf
06:11,RE 62053,Elsterwerda (ab 04:13),Berlin Hbf
06:12,RE 3709,Senftenberg (ab 04:14),Berlin Hbf
06:12,RE 73756,Magdeburg Hbf (ab 04:19),Berlin Hbf
06:18,RE 62005,Flughafen BER (ab 05:44),Berlin Hbf
06:21 (+1),RE 3104,Nauen (ab 05:37),Berlin Hbf
06:22,RE 73805,Frankfurt(Oder) (ab 05:18),Berlin Hbf
06:25 (+1),ICE 808,Berlin Südkreuz (ab 06:20),Berlin Hbf
06:26 (+4),ICE 573,Kiel Hbf (ab 06:13),Berlin Hbf
06:28 (+6),RE 3341,Schwedt(Oder) (ab 05:06),Berlin Hbf
06:29,ICE 119,Berlin Ostbahnhof (ab 06:21),Berlin Hbf
06:30 (+4),IC 296,Wien Hbf (ab 18:35),Berlin Hbf
06:30 (+3),RE 3304,Lutherstadt Wittenberg Hbf (ab 05:03),Berlin Hbf
06:33,FEX19806,Ludwigsfelde (ab 05:39),Berlin Hbf
06:34,RE 73802,Brandenburg Hbf (ab 05:45),Berlin Hbf
06:35 (+1),RE 3105,Lübbenau(Spreewald) (ab 05:27),Berlin Hbf
06:35,RE 3140,Lübbenau(Spreewald) (ab 05:27),Berlin Hbf
06:38,RE 62002,Wittenberge (ab 05:03),Berlin Hbf
06:39,RE 73761,Frankfurt(Oder) (ab 05:26),Berlin Hbf
06:43 (+1),RE 4352,Berlin Südkreuz (ab 06:36),Berlin Hbf
06:44 (+2),RE 3706,Dessau Hbf (ab 05:05),Berlin Hbf
06:45 (+7),RB 18503,Nauen (ab 06:08),Berlin Hbf
06:47,RB 18602,Berlin Südkreuz (ab 06:41),Berlin Hbf
06:48,RB 18142,Flughafen BER (ab 06:13),Berlin Hbf
06:52,RE 18753,Lübbenau(Spreewald) (ab 05:46),Berlin Hbf
06:52 (+4),RE 3147,Falkenberg(Elster) (ab 05:14),Berlin Hbf
06:54 (+1),ICE 654,Berlin Ostbahnhof (ab 06:44),Berlin Hbf
06:57,RE 73716,Magdeburg Hbf (ab 05:12),Berlin Hbf
06:59,RE 73721,Eisenhüttenstadt (ab 05:36),Berlin Hbf
07:02 (+5),RE 3146,Rathenow (ab 06:06),Berlin Hbf
07:02,RE 62154,Rathenow (ab 06:06),Berlin Hbf
07:03,FEX19808,Wünsdorf-Waldstadt (ab 05:30),Berlin Hbf
07:03 (+10),RE 18756,Bad Belzig (ab 06:01),Berlin Hbf
07:06 (+1),RE 3331,Pasewalk (ab 05:11),Berlin Hbf
07:06,RE 94461,Pasewalk (ab 05:11),Berlin Hbf
07:08 (+2),RB 18145,Golm (ab 06:30),Berlin Hbf
07:08 (+5),RB 18504,Berlin Südkreuz (ab 07:01),Berlin Hbf
07:09,RB 18603,Nauen (ab 06:31),Berlin Hbf
07:12,RE 18541,Brandenburg Hbf (ab 06:19),Berlin Hbf
07:12 (+1),RE 3711,Senftenberg (ab 05:10),Berlin Hbf
07:12,RE 62055,Finsterwalde(Niederlausitz) (ab 05:35),Berlin Hbf
07:12,RE 73758,Brandenburg Hbf (ab 06:19),Berlin Hbf
07:13 (+4),ICE 701,Hamburg-Altona (ab 04:32),Berlin Hbf
07:13 (+3),RE 4353,Rostock Hbf (ab 04:34),Berlin Hbf
07:18,RE 62007,Flughafen BER (ab 06:44),Berlin Hbf
07:21 (+4),RE 3106,Nauen (ab 06:37),Berlin Hbf
07:22,RE 73807,Berlin Ostbahnhof (ab 07:12),Berlin Hbf
07:22,RE 90394,Berlin Ostbahnhof (ab 07:12),Berlin Hbf
07:28 (+1),IC 2432,Cottbus Hbf (ab 06:01),Berlin Hbf
07:28 (+4),RE 3342,Jüterbog (ab 06:33),Berlin Hbf
07:28 (+1),RE 62432,Cottbus Hbf (ab 06:01),Berlin Hbf
07:29 (+7),ICE 1606,Erfurt Hbf (ab 05:27),Berlin Hbf
07:30 (+6),RE 3303,Stralsund Hbf (ab 04:16),Berlin Hbf
07:33,FEX19810,Ludwigsfelde (ab 06:39),Berlin Hbf
07:34,RE 73804,Magdeburg Hbf (ab 05:54),Berlin Hbf
07:35,RE 3107,Lübbenau(Spreewald) (ab 06:27),Berlin Hbf
07:38,RE 62004,Wittenberge (ab 06:03),Berlin Hbf
07:39,RE 73763,Frankfurt(Oder) (ab 06:26),Berlin Hbf
07:44 (+2),RE 3506,Berlin Südkreuz (ab 07:36),Berlin Hbf
07:44 (+4),RE 3708,Dessau Hbf (ab 06:05),Berlin Hbf
07:45 (+3),RB 18505,Nauen (ab 07:08),Berlin Hbf
07:48,RB 18144,Flughafen BER (ab 07:13),Berlin Hbf
07:48,RB 18604,Berlin Südkreuz (ab 07:42),Berlin Hbf
07:50,IC 2083,Hamburg-Altona (ab 07:12),Berlin Hbf
07:50,ICE 649,Hannover Hbf (ab 05:27),Berlin Hbf
07:52 (+17),RE 18755,Lübbenau(Spreewald) (ab 06:46),Berlin Hbf
07:53 (+9),RE 3169,Jüterbog (ab 07:03),Berlin Hbf
07:55,ICE 698,München Hbf (ab 21:51),Berlin Hbf
07:56 (+5),RE 3335,Angermünde (ab 07:01),Berlin Hbf
07:59,RE 73723,Frankfurt(Oder) (ab 06:55),Berlin Hbf
08:01 (+3),RE 3166,Rathenow (ab 07:06),Berlin Hbf
08:03,FEX19812,Wünsdorf-Waldstadt (ab 06:28),Berlin Hbf
08:03 (+7),RE 18758,Bad Belzig (ab 07:01),Berlin Hbf
08:08 (+9),RB 18147,Golm (ab 07:30),Berlin Hbf
08:09 (+6),RB 18506,Berlin Südkreuz (ab 08:02),Berlin Hbf
08:09,RE 3505,Burg Stargard(Meckl) (ab 06:38),Berlin Hbf
08:10 (+2),RB 18605,Nauen (ab 07:30),Berlin Hbf
08:11,RE 62057,Elsterwerda (ab 06:13),Berlin Hbf
08:12 (+10),RE 3713,Senftenberg (ab 06:14),Berlin Hbf
08:12,RE 73718,Magdeburg Hbf (ab 06:19),Berlin Hbf
08:12,RE 73760,Magdeburg Hbf (ab 06:19),Berlin Hbf
08:15,EN 40476,Budapest-Nyugati (ab 19:30),Berlin Hbf
08:15,NJ 27N,Praha-Holesovice (ab 03:05),Berlin Hbf
08:15,NJ 456,Graz Hbf (ab 19:20),Berlin Hbf
08:17 (+2),ICE 505,Straubing (ab 00:02),Berlin Hbf
08:18,RE 62009,Flughafen BER (ab 07:44),Berlin Hbf
08:21 (+1),RE 3108,Nauen (ab 07:37),Berlin Hbf
08:22,RE 73809,Berlin Ostbahnhof (ab 08:12),Berlin Hbf
08:22,RE 90408,Berlin Ostbahnhof (ab 08:12),Berlin Hbf
08:25 (+15),ICE 841,Oldenburg(Oldb)Hbf (ab 04:30),Berlin Hbf
08:26,ICE 279,Kiel Hbf (ab 07:13),Berlin Hbf
08:28 (+1),RE 3343,Schwedt(Oder) (ab 07:06),Berlin Hbf
08:30 (+6),IC 2231,Magdeburg Hbf (ab 07:03),Berlin Hbf
08:32 (+2),RE 3306,Lutherstadt Wittenberg Hbf (ab 07:00),Berlin Hbf
08:32,RE3,Hamburg Hbf (ab 04:33),Berlin Hbf
08:33,FEX19814,Ludwigsfelde (ab 07:40),Berlin Hbf
08:33 (+10),ICE 806,Eisenach (ab 05:53),Berlin Hbf
08:34,RE 73806,Brandenburg Hbf (ab 07:45),Berlin Hbf
08:35,RE 3109,Lübbenau(Spreewald) (ab 07:27),Berlin Hbf
08:38,RE 62006,Wittenberge (ab 07:01),Berlin Hbf
08:39,RE 73765,Frankfurt(Oder) (ab 07:26),Berlin Hbf
08:40 Ausfall,IC 60409,Zürich HB (ab 19:59),Berlin Hbf
08:40,NJ 12N,Darmstadt Hbf (ab 00:33),Berlin Hbf
08:40 Ausfall,NJ 409,Zürich HB (ab 19:59),Berlin Hbf
08:43 (+1),RE 4354,Berlin Südkreuz (ab 08:36),Berlin Hbf
08:44 (+9),RE 3710,Dessau Hbf (ab 07:05),Berlin Hbf
08:45 (+1),RB 18507,Nauen (ab 08:08),Berlin Hbf
08:47 (+2),RB 18146,Flughafen BER (ab 08:13),Berlin Hbf
08:48 (+1),RB 18606,Berlin Südkreuz (ab 08:42),Berlin Hbf
08:51 (+6),RE 18757,Lübbenau(Spreewald) (ab 07:46),Berlin Hbf
08:53 (+3),ICE 751,Hamburg-Altona (ab 05:04),Berlin Hbf
08:53 (+8),RE 3149,Falkenberg(Elster) (ab 07:11),Berlin Hbf
08:54 (+6),ICE 642,Berlin Ostbahnhof (ab 08:32),Berlin Hbf
08:54 (+6),ICE 652,Berlin Ostbahnhof (ab 08:44),Berlin Hbf
08:57 (+5),ICE 1636,Eisenach (ab 06:38),Berlin Hbf
08:59,RE 73720,Magdeburg Hbf (ab 07:12),Berlin Hbf
08:59,RE 73725,Eisenhüttenstadt (ab 07:36),Berlin Hbf
09:02 (+4),RE 3148,Stendal Hbf (ab 07:43),Berlin Hbf
09:03,FEX19816,Rangsdorf (ab 07:51),Berlin Hbf
09:03 (+6),ICE 1050,Berlin Ostbahnhof (ab 08:54),Berlin Hbf
09:07 (+8),IC 2250,Dresden Hbf (ab 07:00),Berlin Hbf
09:08 (+5),RB 18149,Golm (ab 08:30),Berlin Hbf
09:09,RB 18508,Berlin Südkreuz (ab 09:02),Berlin Hbf
09:10,RB 18607,Nauen (ab 08:31),Berlin Hbf
09:12,RE 3715,Senftenberg (ab 07:14),Berlin Hbf
09:12 (+1),RE 4355,Rostock Hbf (ab 06:34),Berlin Hbf
09:12,RE 62059,Finsterwalde(Niederlausitz) (ab 07:26),Berlin Hbf
09:12,RE 73762,Brandenburg Hbf (ab 08:19),Berlin Hbf
09:16,ICE 541,Köln Hbf (ab 04:11),Berlin Hbf
09:16,ICE 703,Hamburg-Altona (ab 06:35),Berlin Hbf
09:16 Ausfall,NJ 40469,Paris Est (ab 19:12),Berlin Hbf
09:16 (+1),NJ 425,Bruxelles Midi (ab 19:07),Berlin Hbf
09:16,NJ 91N,Mainz Hbf (ab 00:29),Berlin Hbf
09:18,RE 62011,Flughafen BER (ab 08:44),Berlin Hbf
09:21,RE 3110,Nauen (ab 08:37),Berlin Hbf
09:22,RE 73811,Berlin Ostbahnhof (ab 09:12),Berlin Hbf
09:22,RE 90418,Berlin Ostbahnhof (ab 09:12),Berlin Hbf
09:27 (+5),RE 3344,Jüterbog (ab 08:33),Berlin Hbf
09:28 (+1),RE 3305,Stralsund Hbf (ab 06:16),Berlin Hbf
09:29 (+10),ICE 1604,Nürnberg Hbf (ab 05:42),Berlin Hbf
09:29 (+10),ICE 1704,Jena-Göschwitz (ab 06:47),Berlin Hbf
09:29 (+1),ICE 876,Kassel-Wilhelmshöhe (ab 06:43),Berlin Hbf
09:32 (+2),IC 2272,Chemnitz Hbf (ab 06:26),Berlin Hbf
09:32 (+2),RE 52272,Elsterwerda (ab 08:04),Berlin Hbf
09:33,FEX19818,Ludwigsfelde (ab 08:32),Berlin Hbf
09:34,RE 73808,Brandenburg Hbf (ab 08:45),Berlin Hbf
09:35,RE 3111,Lübbenau(Spreewald) (ab 08:27),Berlin Hbf
09:38,RE 62008,Wittenberge (ab 08:03),Berlin Hbf
09:39,RE 73767,Frankfurt(Oder) (ab 08:26),Berlin Hbf
09:42,RE 3508,Berlin Südkreuz (ab 09:34),Berlin Hbf
09:44 (+7),RE 3712,Dessau Hbf (ab 08:05),Berlin Hbf
09:45 (+2),RB 18509,Nauen (ab 09:08),Berlin Hbf
09:48,RB 18148,Flughafen BER (ab 09:13),Berlin Hbf
09:48,RB 18608,Berlin Südkreuz (ab 09:41),Berlin Hbf
09:51,ICE 741,Münster(Westf)Hbf (ab 06:17),Berlin Hbf
09:52 (+5),RE 18759,Berlin Ostkreuz (ab 09:37),Berlin Hbf
09:52 (+5),RE 3171,Jüterbog (ab 09:03),Berlin Hbf
09:53 (+5),ICE 1008,München Hbf (ab 05:53),Berlin Hbf
09:56,RE 73722,Magdeburg Hbf (ab 08:12),Berlin Hbf
09:59,RE 73727,Eisenhüttenstadt (ab 08:36),Berlin Hbf
10:01 (+1),RE 3168,Rathenow (ab 09:07),Berlin Hbf
10:03,FEX19820,Wünsdorf-Waldstadt (ab 08:30),Berlin Hbf
10:03,ICE 998,Frankfurt(Main)Hbf (ab 05:58),Berlin Hbf
10:06 (+3),EC 248,Warszawa Wschodnia (ab 04:49),Berlin Hbf
10:08 (+3),RB 18151,Golm (ab 09:30),Berlin Hbf
10:08 (+1),RB 18609,Nauen (ab 09:30),Berlin Hbf
10:09,RB 18510,Berlin Südkreuz (ab 10:02),Berlin Hbf
10:09,RE 62061,Elsterwerda (ab 08:13),Berlin Hbf
10:10 Ausfall,ICE 1071,Karlsruhe Hbf (ab 06:00),Berlin Hbf
10:10 (+10),ICE 2911,Stralsund Hbf (ab 07:14),Berlin Hbf
10:10,RE 51044,Prenzlau (ab 08:53),Berlin Hbf
10:10,RE 51071,Prenzlau (ab 08:53),Berlin Hbf
10:12 (+2),RE 3717,Senftenberg (ab 08:14),Berlin Hbf
10:12,RE 73764,Brandenburg Hbf (ab 09:19),Berlin Hbf
10:13,RE 3507,Burg Stargard(Meckl) (ab 08:38),Berlin Hbf
10:16 (+9),ICE 2917,Köln Hbf (ab 05:15),Berlin Hbf
10:16 Ausfall,ICE 843,Köln Hbf (ab 05:15),Berlin Hbf
10:18,RE 62013,Flughafen BER (ab 09:44),Berlin Hbf
10:20,ICE 2943,Hamburg-Altona (ab 07:19),Berlin Hbf
10:20 Ausfall,ICE 507,Hamburg-Altona (ab 07:19),Berlin Hbf
10:21,RE 3112,Nauen (ab 09:37),Berlin Hbf
10:28,EN 2,Stockholm Central (ab 17:34),Berlin Hbf
10:28 (+6),RE 3345,Schwedt(Oder) (ab 09:06),Berlin Hbf
10:31 (+1),RE 3308,Lutherstadt Wittenberg Hbf (ab 09:00),Berlin Hbf
10:33,FEX19822,Ludwigsfelde (ab 09:39),Berlin Hbf
10:33 (+1),ICE 676,Frankfurt(Main)Hbf (ab 06:14),Berlin Hbf
10:33 (+22),ICE 804,München Hbf (ab 05:06),Berlin Hbf
10:35,RE 3113,Lübbenau(Spreewald) (ab 09:27),Berlin Hbf
10:38,RE 62010,Wittenberge (ab 09:01),Berlin Hbf
10:39,RE 73769,Frankfurt(Oder) (ab 09:26),Berlin Hbf
10:44 (+2),RE 3714,Dessau Hbf (ab 09:05),Berlin Hbf
10:45 (+1),RB 18511,Nauen (ab 10:08),Berlin Hbf
10:45 (+2),RE 4356,Berlin Südkreuz (ab 10:36),Berlin Hbf
10:48 (+1),RB 18150,Flughafen BER (ab 10:13),Berlin Hbf
10:48 (+2),RB 18610,Berlin Südkreuz (ab 10:41),Berlin Hbf
10:52 (+9),RE 3151,Falkenberg(Elster) (ab 09:14),Berlin Hbf
10:53 (+12),ICE 2916,Berlin Ostbahnhof (ab 10:44),Berlin Hbf
10:57 (+5),ICE 1114,München Hbf (ab 06:52),Berlin Hbf
10:57,RE 73724,Magdeburg Hbf (ab 09:12),Berlin Hbf
10:59,RE 73729,Frankfurt(Oder) (ab 09:55),Berlin Hbf
11:00 (+11),EC 178,Praha hl.n. (ab 06:28),Berlin Hbf
11:02 (+4),ICE 553,Koblenz Hbf (ab 05:06),Berlin Hbf
11:02 (+3),RE 3150,Stendal Hbf (ab 09:40),Berlin Hbf
11:03,FEX19824,Flughafen BER (ab 10:28),Berlin Hbf
11:03 (+20),ICE 77,Berlin Ostbahnhof (ab 10:57),Berlin Hbf
11:06 (+3),EC 54,Krakow Glowny (ab 04:11),Berlin Hbf
11:08 (+9),RB 18153,Golm (ab 10:30),Berlin Hbf
11:09 (+1),RB 18611,Nauen (ab 10:31),Berlin Hbf
11:10 (+7),RB 18512,Berlin Südkreuz (ab 11:01),Berlin Hbf
11:11,RE 62063,Baruth(Mark) (ab 10:07),Berlin Hbf
11:12 (+25),RE 3719,Senftenberg (ab 09:14),Berlin Hbf
11:12 (+5),RE 4357,Rostock Hbf (ab 08:34),Berlin Hbf
11:12,RE 73766,Brandenburg Hbf (ab 10:19),Berlin Hbf
11:16 (+4),ICE 543,Köln Hbf (ab 06:23),Berlin Hbf
11:18,RE 62015,Flughafen BER (ab 10:44),Berlin Hbf
11:21 Ausfall,ICE 705,Kiel Hbf (ab 07:42),Berlin Hbf
11:21 (+4),RE 3114,Nauen (ab 10:37),Berlin Hbf
11:25 (+1),RE 3346,Jüterbog (ab 10:33),Berlin Hbf
11:26 (+1),RE 3307,Stralsund Hbf (ab 08:16),Berlin Hbf
11:29 (+4),ICE 774,Stuttgart Hbf (ab 05:02),Berlin Hbf
11:30 (+20),ICE 602,München Hbf (ab 06:57),Berlin Hbf
11:33,FEX19826,Ludwigsfelde (ab 10:32),Berlin Hbf
11:35 (+5),RE 3115,Lübbenau(Spreewald) (ab 10:27),Berlin Hbf
11:38,RE 62012,Wittenberge (ab 10:03),Berlin Hbf
11:39,RE 73771,Frankfurt(Oder) (ab 10:26),Berlin Hbf
11:41 (+7),ICE 940,Berlin Ostbahnhof (ab 11:31),Berlin Hbf
11:42 (+40),ICE 1006,München Hbf (ab 07:56),Berlin Hbf
11:44 (+2),RE 3716,Dessau Hbf (ab 10:05),Berlin Hbf
11:45 (+1),RB 18513,Nauen (ab 11:08),Berlin Hbf
11:45 (+2),RE 3510,Berlin Südkreuz (ab 11:36),Berlin Hbf
11:48,RB 18152,Flughafen BER (ab 11:13),Berlin Hbf
11:48,RB 18612,Berlin Südkreuz (ab 11:41),Berlin Hbf
11:51 Ausfall,IC 141,Amsterdam Centraal (ab 05:59),Berlin Hbf
11:55 (+24),RE 3173,Jüterbog (ab 11:03),Berlin Hbf
11:57,RE 73726,Magdeburg Hbf (ab 10:12),Berlin Hbf
11:59,RE 73731,Frankfurt(Oder) (ab 10:55),Berlin Hbf
12:01 (+2),RE 3170,Rathenow (ab 11:02),Berlin Hbf
12:01,RE 62164,Rathenow (ab 11:02),Berlin Hbf
12:02,ICE 1136,Frankfurt(Main)Hbf (ab 08:02),Berlin Hbf
12:03,FEX19828,Flughafen BER (ab 11:28),Berlin Hbf
12:06 (+41),EC 246,Warszawa Wschodnia (ab 06:49),Berlin Hbf
12:08 (+1),ICE 1073,Stralsund Hbf (ab 09:14),Berlin Hbf
12:08 (+2),RB 18155,Golm (ab 11:30),Berlin Hbf
12:08,RB 18613,Nauen (ab 11:30),Berlin Hbf
12:08 (+1),RE 51073,Prenzlau (ab 10:53),Berlin Hbf
12:09,RB 18514,Berlin Südkreuz (ab 12:02),Berlin Hbf
12:11,RE 62065,Elsterwerda (ab 10:13),Berlin Hbf
12:12 (+3),RE 3509,Burg Stargard(Meckl) (ab 10:38),Berlin Hbf
12:12 (+10),RE 3721,Senftenberg (ab 10:14),Berlin Hbf
12:12,RE 73768,Brandenburg Hbf (ab 11:19),Berlin Hbf
12:15 (+3),ICE 845,Köln Hbf (ab 07:23),Berlin Hbf
12:18,RE 62017,Flughafen BER (ab 11:44),Berlin Hbf
12:19 (+2),ICE 509,Hamburg-Altona (ab 09:22),Berlin Hbf
12:21 (+2),RE 3116,Nauen (ab 11:37),Berlin Hbf
12:28 (+40),IC 2035,Leer(Ostfriesl) (ab 06:34),Berlin Hbf
12:28 (+1),RE 3347,Schwedt(Oder) (ab 11:06),Berlin Hbf
12:31 (+1),RE 3310,Lutherstadt Wittenberg Hbf (ab 11:03),Berlin Hbf
12:33,FEX19830,Ludwigsfelde (ab 11:39),Berlin Hbf
12:33 (+22),ICE 474,Basel Bad Bf (ab 05:08),Berlin Hbf
12:33 (+5),ICE 802,München Hbf (ab 07:13),Berlin Hbf
12:35,RE 3117,Lübbenau(Spreewald) (ab 11:27),Berlin Hbf
12:38,RE 62014,Wittenberge (ab 11:01),Berlin Hbf
12:39,RE 73773,Frankfurt(Oder) (ab 11:26),Berlin Hbf
12:43 (+2),RE 4358,Berlin Südkreuz (ab 12:36),Berlin Hbf
12:44 (+2),RE 3718,Dessau Hbf (ab 11:05),Berlin Hbf
12:45,RB 18515,Nauen (ab 12:08),Berlin Hbf
12:48 (+16),RB 18154,Flughafen BER (ab 12:14),Berlin Hbf
12:48,RB 18614,Berlin Südkreuz (ab 12:41),Berlin Hbf
12:51 (+10),ICE 1545,Aachen Hbf (ab 07:07),Berlin Hbf
12:52 (+6),RE 3153,Falkenberg(Elster) (ab 11:14),Berlin Hbf
12:53 (+12),ICE 558,Berlin Ostbahnhof (ab 12:44),Berlin Hbf
12:57 (+1),ICE 1112,München Hbf (ab 08:52),Berlin Hbf
12:57,RE 73728,Magdeburg Hbf (ab 11:12),Berlin Hbf
12:59,RE 73733,Frankfurt(Oder) (ab 11:55),Berlin Hbf
13:02 (+5),EC 176,Praha hl.n. (ab 08:28),Berlin Hbf
13:02 (+13),ICE 555,Köln Hbf (ab 08:11),Berlin Hbf
13:02 (+5),RE 3152,Stendal Hbf (ab 11:40),Berlin Hbf
13:03,FEX19832,Flughafen BER (ab 12:28),Berlin Hbf
13:04 (+10),ICE 756,Berlin Ostbahnhof (ab 12:55),Berlin Hbf
13:08 (+3),RB 18157,Golm (ab 12:30),Berlin Hbf
13:08 (+1),RB 18615,Nauen (ab 12:31),Berlin Hbf
13:09 (+1),RB 18516,Berlin Südkreuz (ab 13:01),Berlin Hbf
13:11,RE 62067,Baruth(Mark) (ab 12:07),Berlin Hbf
13:12 (+12),RE 3723,Senftenberg (ab 11:14),Berlin Hbf
13:12,RE 4359,Rostock Hbf (ab 10:34),Berlin Hbf
13:12,RE 73770,Brandenburg Hbf (ab 12:19),Berlin Hbf
13:16 (+13),ICE 545,Düsseldorf Hbf (ab 08:45),Berlin Hbf
13:18,RE 62019,Flughafen BER (ab 12:44),Berlin Hbf
13:21 (+2),RE 3118,Nauen (ab 12:37),Berlin Hbf
13:22 (+16),ICE 707,Hamburg-Altona (ab 10:36),Berlin Hbf
13:22 (+5),ICE 79,Berlin Ostbahnhof (ab 13:17),Berlin Hbf
13:26 (+2),RE 3348,Luckenwalde (ab 12:39),Berlin Hbf
13:28 (+1),RE 3309,Stralsund Hbf (ab 10:16),Berlin Hbf
13:29 (+6),ICE 1600,München Hbf (ab 08:50),Berlin Hbf
13:29 (+6),ICE 772,Stuttgart Hbf (ab 07:24),Berlin Hbf
13:32,FLX 1235,Köln Hbf (ab 08:14),Berlin Hbf
13:35,FEX19834,Ludwigsfelde (ab 12:32),Berlin Hbf
13:35 (+1),RE 3119,Lübbenau(Spreewald) (ab 12:27),Berlin Hbf
13:38,RE 62016,Wittenberge (ab 12:03),Berlin Hbf
13:39,RE 73775,Frankfurt(Oder) (ab 12:26),Berlin Hbf
13:40 (+1),FLX 1240,Stuttgart Hbf (ab 07:17),Berlin Hbf
13:44 (+1),RE 3512,Berlin Südkreuz (ab 13:36),Berlin Hbf
13:44 (+4),RE 3720,Dessau Hbf (ab 12:05),Berlin Hbf
13:45 (+1),RB 18517,Nauen (ab 13:08),Berlin Hbf
13:45,RB 18616,Berlin Südkreuz (ab 13:39),Berlin Hbf
13:48,RB 18156,Flughafen BER (ab 13:13),Berlin Hbf
13:49 (+12),FLX 1363,Hamburg Hbf (ab 11:20),Berlin Hbf
13:51 (+57),IC 143,Amsterdam Centraal (ab 07:59),Berlin Hbf
13:52 (+1),ICE 1695,Stralsund Hbf (ab 10:50),Berlin Hbf
13:52 (+2),ICE 95,Stralsund Hbf (ab 11:03),Berlin Hbf
13:52 (+4),RE 3175,Jüterbog (ab 13:03),Berlin Hbf
13:52 (+2),RE 50095,Prenzlau (ab 12:37),Berlin Hbf
13:53 (+15),ICE 1694,München Hbf (ab 08:39),Berlin Hbf
13:53 (+5),ICE 94,Wien Hbf (ab 05:28),Berlin Hbf
13:57,RE 73730,Magdeburg Hbf (ab 12:12),Berlin Hbf
13:59,RE 73735,Frankfurt(Oder) (ab 12:55),Berlin Hbf
14:01 (+5),RE 3172,Frankfurt(Oder) (ab 10:26),Berlin Hbf
14:01,RE 62168,Rathenow (ab 13:12),Berlin Hbf
14:03,FEX19836,Flughafen BER (ab 13:28),Berlin Hbf
14:03 (+15),IC 142,Berlin Ostbahnhof (ab 13:53),Berlin Hbf
14:06 (+2),EC 48,Warszawa Wschodnia (ab 08:49),Berlin Hbf
14:08 (+6),RB 18159,Golm (ab 13:30),Berlin Hbf
14:08 (+6),RB 18617,Nauen (ab 13:30),Berlin Hbf
14:09,RE 3511,Burg Stargard(Meckl) (ab 12:38),Berlin Hbf
14:10,RB 18518,Berlin Südkreuz (ab 14:03),Berlin Hbf
14:11,RE 62069,Elsterwerda (ab 12:13),Berlin Hbf
14:12 (+43),RE 3725,Senftenberg (ab 12:14),Berlin Hbf
14:12,RE 73772,Brandenburg Hbf (ab 13:19),Berlin Hbf
14:16 (+43),ICE 847,Köln Hbf (ab 09:13),Berlin Hbf
14:18,RE 62021,Flughafen BER (ab 13:44),Berlin Hbf
14:19,ICE 1601,Hamburg-Altona (ab 11:34),Berlin Hbf
14:21,RE 26107,Nauen (ab 13:37),Berlin Hbf
14:21 (+12),RE 3120,Nauen (ab 13:37),Berlin Hbf
14:22,RE 73815,Berlin Ostkreuz (ab 14:08),Berlin Hbf
14:28 (+1),RE 3349,Schwedt(Oder) (ab 13:06),Berlin Hbf
14:30 (+22),ICE 78,Zürich HB (ab 05:59),Berlin Hbf
14:31 (+3),RE 3312,Lutherstadt Wittenberg Hbf (ab 13:00),Berlin Hbf
14:32 (+2),ICE 800,München Hbf (ab 09:55),Berlin Hbf
14:33,FEX19838,Ludwigsfelde (ab 13:39),Berlin Hbf
14:34,RE 73812,Brandenburg Hbf (ab 13:45),Berlin Hbf
14:35,RE 3121,Lübbenau(Spreewald) (ab 13:27),Berlin Hbf
14:38,RE 62018,Wittenberge (ab 13:01),Berlin Hbf
14:39,RE 73777,Frankfurt(Oder) (ab 13:26),Berlin Hbf
14:43 (+1),RE 4360,Berlin Südkreuz (ab 14:36),Berlin Hbf
14:44 (+1),RE 3722,Dessau Hbf (ab 13:05),Berlin Hbf
14:45 (+5),RB 18519,Nauen (ab 14:08),Berlin Hbf
14:48 (+1),RB 18158,Flughafen BER (ab 14:13),Berlin Hbf
14:48 (+2),RB 18618,Berlin Südkreuz (ab 14:41),Berlin Hbf
14:52 (+8),RE 3155,Falkenberg(Elster) (ab 13:14),Berlin Hbf
14:56,RE 73732,Magdeburg Hbf (ab 13:12),Berlin Hbf
14:57 (+18),ICE 1110,München Hbf (ab 10:52),Berlin Hbf
14:59,RE 73737,Frankfurt(Oder) (ab 13:55),Berlin Hbf
15:00 (+43),RE 18760,Bad Belzig (ab 14:05),Berlin Hbf
15:02 (+4),ICE 1544,Berlin Ostbahnhof (ab 14:54),Berlin Hbf
15:02 (+6),RE 3154,Stendal Hbf (ab 13:40),Berlin Hbf
15:03,FEX19840,Wünsdorf-Waldstadt (ab 13:26),Berlin Hbf
15:03 (+18),ICE 557,Koblenz Hbf (ab 09:02),Berlin Hbf
15:05 (+8),EC 174,Praha hl.n. (ab 10:28),Berlin Hbf
15:06 (+6),EC 58,Gdynia Glowna (ab 08:46),Berlin Hbf
15:08 (+3),RB 18161,Golm (ab 14:30),Berlin Hbf
15:09 (+2),RB 18520,Berlin Südkreuz (ab 15:01),Berlin Hbf
15:09 (+1),RB 18619,Nauen (ab 14:31),Berlin Hbf
15:11,RE 62071,Baruth(Mark) (ab 14:07),Berlin Hbf
15:12 (+4),RE 3727,Senftenberg (ab 13:14),Berlin Hbf
15:12,RE 4361,Rostock Hbf (ab 12:34),Berlin Hbf
15:12,RE 73774,Brandenburg Hbf (ab 14:19),Berlin Hbf
15:16 (+18),ICE 547,Düsseldorf Hbf (ab 10:45),Berlin Hbf
15:18,RE 62023,Flughafen BER (ab 14:44),Berlin Hbf
15:21 (+1),ICE 709,Hamburg-Altona (ab 12:19),Berlin Hbf
15:21 (+6),RE 3122,Nauen (ab 14:37),Berlin Hbf
15:22,RE 73817,Berlin Ostbahnhof (ab 15:12),Berlin Hbf
15:22,RE 90966,Berlin Ostbahnhof (ab 15:12),Berlin Hbf
15:27 (+10),RE 3350,Jüterbog (ab 14:33),Berlin Hbf
15:29 (+5),ICE 770,Stuttgart Hbf (ab 09:23),Berlin Hbf
15:29,RE 3311,Stralsund Hbf (ab 12:19),Berlin Hbf
15:30 (+16),ICE 508,München Hbf (ab 10:57),Berlin Hbf
15:33,FEX19842,Ludwigsfelde (ab 14:32),Berlin Hbf
15:34,RE 73814,Brandenburg Hbf (ab 14:45),Berlin Hbf
15:35,RE 3123,Lübbenau(Spreewald) (ab 14:27),Berlin Hbf
15:38,RE 62020,Wittenberge (ab 14:03),Berlin Hbf
15:39,RE 73779,Frankfurt(Oder) (ab 14:26),Berlin Hbf
15:42 (+14),ICE 1004,München Hbf (ab 11:56),Berlin Hbf
15:44,RE 3514,Berlin Südkreuz (ab 15:36),Berlin Hbf
15:44 (+5),RE 3724,Dessau Hbf (ab 14:05),Berlin Hbf
15:45 (+4),RB 18521,Nauen (ab 15:08),Berlin Hbf
15:47,RB 18160,Flughafen BER (ab 15:13),Berlin Hbf
15:48,RB 18620,Berlin Südkreuz (ab 15:41),Berlin Hbf
15:51 (+25),IC 145,Amsterdam Centraal (ab 09:59),Berlin Hbf
15:55 (+16),RE 3177,Jüterbog (ab 15:03),Berlin Hbf
15:56 (+3),RE 3330,Berlin Südkreuz (ab 15:49),Berlin Hbf
15:56,RE 73734,Magdeburg Hbf (ab 14:12),Berlin Hbf
15:59,RE 73739,Eisenhüttenstadt (ab 14:36),Berlin Hbf
16:00 (+11),RE 18762,Bad Belzig (ab 15:05),Berlin Hbf
16:01 (+2),RE 3174,Rathenow (ab 15:02),Berlin Hbf
16:03 (+23),IC 140,Berlin Ostbahnhof (ab 15:53),Berlin Hbf
16:05 (+3),ICE 1075,Stralsund Hbf (ab 13:15),Berlin Hbf
16:05,RE 51040,Prenzlau (ab 14:53),Berlin Hbf
16:05 (+1),RE 51075,Prenzlau (ab 14:53),Berlin Hbf
16:06 (+8),EC 46,Warszawa Wschodnia (ab 10:49),Berlin Hbf
16:07 (+1),RB 18621,Nauen (ab 15:30),Berlin Hbf
16:08 (+9),RB 18163,Golm (ab 15:30),Berlin Hbf
16:09,FEX19844,Wünsdorf-Waldstadt (ab 14:30),Berlin Hbf
16:09 (+2),RB 18522,Berlin Südkreuz (ab 16:02),Berlin Hbf
16:11,RE 62073,Elsterwerda (ab 14:13),Berlin Hbf
16:12 (+3),RE 3729,Troisvierges (ab 04:35),Berlin Hbf
16:12,RE 73776,Brandenburg Hbf (ab 15:19),Berlin Hbf
16:13 (+1),RE 3513,Burg Stargard(Meckl) (ab 14:38),Berlin Hbf
16:16 (+6),ICE 849,Düsseldorf Hbf (ab 11:41),Berlin Hbf
16:18,RE 62025,Flughafen BER (ab 15:44),Berlin Hbf
16:19 (+1),ICE 603,Hamburg-Altona (ab 13:38),Berlin Hbf
16:21,RE 3124,Nauen (ab 15:37),Berlin Hbf
16:23 (+8),IC 2271,Warnemünde (ab 13:55),Berlin Hbf
16:23,RE 73819,Berlin Ostbahnhof (ab 16:14),Berlin Hbf
16:26 (+5),ICE 773,Berlin Ostbahnhof (ab 16:15),Berlin Hbf
16:28 (+1),RE 3351,Schwedt(Oder) (ab 15:06),Berlin Hbf
16:30 (+15),ICE 76,Zürich HB (ab 07:59),Berlin Hbf
16:31 (+1),RE 3314,Lutherstadt Wittenberg Hbf (ab 15:05),Berlin Hbf
16:33,FEX19846,Ludwigsfelde (ab 15:39),Berlin Hbf
16:33 (+2),ICE 708,München Hbf (ab 11:14),Berlin Hbf
16:34,RE 73816,Brandenburg Hbf (ab 15:45),Berlin Hbf
16:35,RE 3125,Lübbenau(Spreewald) (ab 15:27),Berlin Hbf
16:38,RE 62022,Wittenberge (ab 15:01),Berlin Hbf
16:39,RE 73781,Frankfurt(Oder) (ab 15:26),Berlin Hbf
16:43 (+2),RE 4362,Berlin Südkreuz (ab 16:36),Berlin Hbf
16:44 (+8),RE 3726,Dessau Hbf (ab 15:05),Berlin Hbf
16:45 (+1),RB 18523,Nauen (ab 16:08),Berlin Hbf
16:48,RB 18162,Flughafen BER (ab 16:13),Berlin Hbf
16:48,RB 18622,Berlin Südkreuz (ab 16:42),Berlin Hbf
16:51 (+77),ICE 759,Köln Hbf (ab 11:36),Berlin Hbf
16:52 (+39),RE 18761,Lübbenau(Spreewald) (ab 15:46),Berlin Hbf
16:52 (+3),RE 3157,Falkenberg(Elster) (ab 15:14),Berlin Hbf
16:54 (+1),ICE 544,Berlin Ostbahnhof (ab 16:45),Berlin Hbf
16:54 (+1),ICE 554,Berlin Ostbahnhof (ab 16:45),Berlin Hbf
16:56,RE 73736,Magdeburg Hbf (ab 15:12),Berlin Hbf
16:57 Ausfall,ICE 1108,München Hbf (ab 12:52),Berlin Hbf
16:57 (+17),ICE 2920,München Hbf (ab 12:52),Berlin Hbf
16:59,RE 73741,Frankfurt(Oder) (ab 15:55),Berlin Hbf
17:00 (+8),EC 378,Praha hl.n. (ab 12:28),Berlin Hbf
17:00 (+34),RE 18764,Bad Belzig (ab 16:05),Berlin Hbf
17:02 (+3),RE 3156,Stendal Hbf (ab 15:40),Berlin Hbf
17:03,FEX19848,Wünsdorf-Waldstadt (ab 15:28),Berlin Hbf
17:04 (+48),ICE 559,Köln Messe/Deutz Gl.11-12 (ab 12:21),Berlin Hbf
17:06 (+6),EC 56,Przemysl Gl. (ab 07:22),Berlin Hbf
17:08 (+6),RB 18165,Golm (ab 16:30),Berlin Hbf
17:09,RB 18524,Berlin Südkreuz (ab 17:02),Berlin Hbf
17:09 (+1),RB 18623,Nauen (ab 16:31),Berlin Hbf
17:11,RE 62075,Finsterwalde(Niederlausitz) (ab 15:25),Berlin Hbf
17:12 (+15),RE 3731,Senftenberg (ab 15:14),Berlin Hbf
17:12 (+2),RE 4363,Rostock Hbf (ab 14:34),Berlin Hbf
17:12,RE 73778,Brandenburg Hbf (ab 16:19),Berlin Hbf
17:16 (+48),ICE 549,Düsseldorf Hbf (ab 12:36),Berlin Hbf
17:18,RE 62027,Flughafen BER (ab 16:44),Berlin Hbf
17:21,RE 18444,Nauen (ab 16:37),Berlin Hbf
17:21,RE 3126,Nauen (ab 16:37),Berlin Hbf
17:22 (+2),ICE 801,Hamburg-Altona (ab 14:22),Berlin Hbf
17:22,RE 73821,Berlin Ostbahnhof (ab 17:12),Berlin Hbf
17:22,RE 90970,Berlin Ostbahnhof (ab 17:12),Berlin Hbf
17:27,RE 3352,Jüterbog (ab 16:33),Berlin Hbf
17:28 (+1),RE 3313,Stralsund Hbf (ab 14:16),Berlin Hbf
17:29 (+11),ICE 578,Stuttgart Hbf (ab 11:23),Berlin Hbf
17:33 (+19),ICE 506,München Hbf (ab 12:56),Berlin Hbf
17:34,FEX19850,Ludwigsfelde (ab 16:32),Berlin Hbf
17:34,RE 73818,Brandenburg Hbf (ab 16:45),Berlin Hbf
17:35 (+16),RE 3127,Lübbenau(Spreewald) (ab 16:27),Berlin Hbf
17:36 (+3),IC 2232,Rostock Hbf (ab 15:21),Berlin Hbf
17:38,RE 62024,Wittenberge (ab 16:03),Berlin Hbf
17:39,RE 3184,Frankfurt(Oder) (ab 16:26),Berlin Hbf
17:39,RE 73783,Frankfurt(Oder) (ab 16:26),Berlin Hbf
17:42 (+2),ICE 844,Berlin Ostbahnhof (ab 17:33),Berlin Hbf
17:43 (+2),RE 3516,Berlin Südkreuz (ab 17:34),Berlin Hbf
17:44 (+1),RB 18525,Nauen (ab 17:08),Berlin Hbf
17:44 (+18),RE 3728,Dessau Hbf (ab 16:05),Berlin Hbf
17:48 (+14),RB 18164,Flughafen BER (ab 17:13),Berlin Hbf
17:48 (+2),RB 18624,Berlin Südkreuz (ab 17:41),Berlin Hbf
17:51 (+31),IC 147,Amsterdam Centraal (ab 11:59),Berlin Hbf
17:52,RE 26117,Jüterbog (ab 17:03),Berlin Hbf
17:52 (+22),RE 3179,Jüterbog (ab 17:03),Berlin Hbf
17:53 (+34),ICE 92,Wien Hbf (ab 09:28),Berlin Hbf
17:56,RE 73738,Magdeburg Hbf (ab 16:12),Berlin Hbf
17:59,RE 73743,Frankfurt(Oder) (ab 16:55),Berlin Hbf
18:00 (+7),FLX 1366,Leipzig Hbf (ab 16:41),Berlin Hbf
18:01 (+1),RE 3176,Rathenow (ab 17:02),Berlin Hbf
18:03,FEX19852,Rangsdorf (ab 16:51),Berlin Hbf
18:06 (+8),EC 44,Warszawa Wschodnia (ab 12:49),Berlin Hbf
18:07 (+2),RB 18625,Nauen (ab 17:30),Berlin Hbf
18:08 (+7),RB 18167,Golm (ab 17:30),Berlin Hbf
18:09 (+1),RB 18526,Berlin Südkreuz (ab 18:02),Berlin Hbf
18:10,RE 3515,Burg Stargard(Meckl) (ab 16:38),Berlin Hbf
18:12 (+5),RE 3733,Senftenberg (ab 16:14),Berlin Hbf
18:12,RE 62077,Elsterwerda (ab 16:13),Berlin Hbf
18:12,RE 73780,Brandenburg Hbf (ab 17:19),Berlin Hbf
18:16 (+17),ICE 941,Düsseldorf Hbf (ab 13:41),Berlin Hbf
18:18,RE 62029,Flughafen BER (ab 17:44),Berlin Hbf
18:20 (+3),ICE 1605,Hamburg-Altona (ab 15:38),Berlin Hbf
18:20 (+3),ICE 1705,Hamburg-Altona (ab 15:38),Berlin Hbf
18:21 (+2),RE 3128,Nauen (ab 17:37),Berlin Hbf
18:24,RE 73823,Frankfurt(Oder) (ab 17:10),Berlin Hbf
18:24,RE 90972,Berlin Ostbahnhof (ab 18:14),Berlin Hbf
18:26 (+11),IC 2431,Leer(Ostfriesl) (ab 12:42),Berlin Hbf
18:26 (+10),RE 62431,Potsdam Hbf (ab 18:02),Berlin Hbf
18:29,RE 3353,Schwedt(Oder) (ab 17:06),Berlin Hbf
18:31 (+3),RE 3316,Lutherstadt Wittenberg Hbf (ab 17:00),Berlin Hbf
18:32 (+15),ICE 74,Zürich HB (ab 09:59),Berlin Hbf
18:33 (+24),ICE 706,München Hbf (ab 13:54),Berlin Hbf
18:34 (+5),FEX19854,Ludwigsfelde (ab 17:39),Berlin Hbf
18:34,RE 73820,Brandenburg Hbf (ab 17:45),Berlin Hbf
18:35,RE 3129,Lübbenau(Spreewald) (ab 17:27),Berlin Hbf
18:38,RE 62026,Wittenberge (ab 17:01),Berlin Hbf
18:39,RE 3186,Frankfurt(Oder) (ab 17:26),Berlin Hbf
18:39,RE 73785,Frankfurt(Oder) (ab 17:26),Berlin Hbf
18:43 (+1),RE 4364,Berlin Südkreuz (ab 18:36),Berlin Hbf
18:44 (+5),RE 3730,Dessau Hbf (ab 17:05),Berlin Hbf
18:46,RB 18527,Nauen (ab 18:08),Berlin Hbf
18:48 (+10),RB 18166,Flughafen BER (ab 18:13),Berlin Hbf
18:48 (+1),RB 18626,Berlin Südkreuz (ab 18:41),Berlin Hbf
18:52,RE 18765,Lübbenau(Spreewald) (ab 17:46),Berlin Hbf
18:52 (+6),RE 3159,Falkenberg(Elster) (ab 17:14),Berlin Hbf
18:56 (+1),ICE 2923,Wien Floridsdorf (ab 09:33),Berlin Hbf
18:57 (+5),ICE 1106,München Hbf (ab 14:52),Berlin Hbf
18:58,RE 73740,Magdeburg Hbf (ab 17:12),Berlin Hbf
18:59 (+31),EC 172,Budapest-Nyugati (ab 07:30),Berlin Hbf
18:59,EC 252,Budapest-Nyugati (ab 07:30),Berlin Hbf
18:59,RE 73745,Cottbus Hbf (ab 16:56),Berlin Hbf
18:59,RE1,Baar-Ebenhausen (ab 00:16),Berlin Hbf
19:02 (+41),ICE 651,Köln Messe/Deutz Gl.11-12 (ab 14:21),Berlin Hbf
19:02 (+4),RE 3158,Stendal Hbf (ab 17:40),Berlin Hbf
19:03,FEX19856,Rangsdorf (ab 17:47),Berlin Hbf
19:08 (+7),RB 18169,Golm (ab 18:30),Berlin Hbf
19:08,RB23,Koserow (ab 05:02),Berlin Hbf
19:09 (+1),RB 18528,Berlin Südkreuz (ab 19:01),Berlin Hbf
19:09 (+1),RB 18627,Nauen (ab 18:31),Berlin Hbf
19:11,RE 62079,Finsterwalde(Niederlausitz) (ab 17:27),Berlin Hbf
19:12 (+13),RE 3735,Senftenberg (ab 17:14),Berlin Hbf
19:12 (+16),RE 4365,Rostock Hbf (ab 16:34),Berlin Hbf
19:12,RE 73782,Brandenburg Hbf (ab 18:19),Berlin Hbf
19:16 (+12),ICE 641,Düsseldorf Hbf (ab 14:37),Berlin Hbf
19:18,RE 62031,Flughafen BER (ab 18:44),Berlin Hbf
19:19 (+9),ICE 675,Berlin Ostbahnhof (ab 19:13),Berlin Hbf
19:21 (+4),RE 3130,Nauen (ab 18:37),Berlin Hbf
19:22 (+5),ICE 803,Hamburg-Altona (ab 16:17),Berlin Hbf
19:22,RE 26039,Berlin Ostbahnhof (ab 19:12),Berlin Hbf
19:22,RE 73825,Berlin Ostbahnhof (ab 19:12),Berlin Hbf
19:27,RE 3354,Jüterbog (ab 18:33),Berlin Hbf
19:28 (+4),RE 3315,Stralsund Hbf (ab 16:16),Berlin Hbf
19:29 (+7),ICE 2546,Stuttgart Hbf (ab 13:23),Berlin Hbf
19:29 (+7),ICE 576,Stuttgart Hbf (ab 13:23),Berlin Hbf
19:30 (+57),ICE 504,München Hbf (ab 14:57),Berlin Hbf
19:33,FEX19858,Ludwigsfelde (ab 18:32),Berlin Hbf
19:35,RE 3131,Lübbenau(Spreewald) (ab 18:27),Berlin Hbf
19:38,RE 62028,Wittenberge (ab 18:03),Berlin Hbf
19:39,RE 3188,Frankfurt(Oder) (ab 18:26),Berlin Hbf
19:39,RE 73787,Frankfurt(Oder) (ab 18:26),Berlin Hbf
19:42 Ausfall,ICE 1002,München Hbf (ab 15:56),Berlin Hbf
19:42 (+15),ICE 2902,München Hbf (ab 15:56),Berlin Hbf
19:43 (+1),ICE 842,Berlin Ostbahnhof (ab 19:34),Berlin Hbf
19:44 (+4),RE 3732,Dessau Hbf (ab 18:05),Berlin Hbf
19:45 (+7),RE 3518,Berlin Südkreuz (ab 19:36),Berlin Hbf
19:46 (+9),RB 18529,Nauen (ab 19:08),Berlin Hbf
19:48,RB 18168,Flughafen BER (ab 19:13),Berlin Hbf
19:48,RB 18628,Berlin Südkreuz (ab 19:41),Berlin Hbf
19:50 (+126),FLX 1367,Hamburg Hbf (ab 17:12),Berlin Hbf
19:51,IC 149,Amsterdam Centraal (ab 13:59),Berlin Hbf
19:55 (+9),RE 3181,Jüterbog (ab 19:03),Berlin Hbf
19:57,RE 73742,Magdeburg Hbf (ab 18:12),Berlin Hbf
19:59,RE 73747,Eisenhüttenstadt (ab 18:36),Berlin Hbf
20:01 (+19),RE 3178,Rathenow (ab 19:03),Berlin Hbf
20:03,FEX19860,Rangsdorf (ab 18:51),Berlin Hbf
20:07 (+1),RB 18629,Nauen (ab 19:30),Berlin Hbf
20:07,RB14,Hagen Hbfow Stadt (ab 05:22),Berlin Hbf
20:08 (+1),RB 18171,Berlin-Charlottenburg (ab 20:00),Berlin Hbf
20:09 (+1),RE 3517,Burg Stargard(Meckl) (ab 18:38),Berlin Hbf
20:09,RE5,Berlin Potsdamer Platz (ab 05:42),Berlin Hbf
20:10 (+4),RB 18530,Berlin Südkreuz (ab 20:03),Berlin Hbf
20:11,RE 62081,Elsterwerda (ab 18:13),Berlin Hbf
20:12 (+10),RE 3737,Senftenberg (ab 18:14),Berlin Hbf
20:12,RE 73784,Brandenburg Hbf (ab 19:19),Berlin Hbf
20:16 (+16),ICE 943,Düsseldorf Hbf (ab 15:37),Berlin Hbf
20:18,RE 62033,Flughafen BER (ab 19:44),Berlin Hbf
20:20,ICE 1607,Hamburg-Altona (ab 17:35),Berlin Hbf
20:21,RE 3132,Nauen (ab 19:37),Berlin Hbf
20:21,RE 92824,Nauen (ab 19:37),Berlin Hbf
20:28 (+1),RE 3355,Schwedt(Oder) (ab 19:06),Berlin Hbf
20:30 (+1),ICE 72,Basel SBB (ab 13:06),Berlin Hbf
20:31 (+2),RE 3318,Lutherstadt Wittenberg Hbf (ab 19:05),Berlin Hbf
20:33,FEX19862,Ludwigsfelde (ab 19:39),Berlin Hbf
20:33 (+3),ICE 704,München Hbf (ab 15:14),Berlin Hbf
20:33,RE 73826,Berlin-Charlottenburg (ab 20:25),Berlin Hbf
20:35,RE 3133,Lübbenau(Spreewald) (ab 19:27),Berlin Hbf
20:38,RE 62030,Wittenberge (ab 19:01),Berlin Hbf
20:39,RE 73789,Frankfurt(Oder) (ab 19:26),Berlin Hbf
20:42,ICE 540,Berlin Ostbahnhof (ab 20:34),Berlin Hbf
20:43 (+2),RE 4366,Berlin Südkreuz (ab 20:36),Berlin Hbf
20:44 (+22),RE 3734,Dessau Hbf (ab 19:05),Berlin Hbf
20:46,RB 18531,Nauen (ab 20:08),Berlin Hbf
20:48,RB 18170,Flughafen BER (ab 20:13),Berlin Hbf
20:48,RB 18630,Berlin Südkreuz (ab 20:41),Berlin Hbf
20:51 (+12),ICE 1053,Aachen Hbf (ab 14:47),Berlin Hbf
20:52 (+4),RE 3161,Falkenberg(Elster) (ab 19:14),Berlin Hbf
20:57 (+8),ICE 1104,München Hbf (ab 16:50),Berlin Hbf
20:57,RE 73744,Magdeburg Hbf (ab 19:12),Berlin Hbf
20:59,RE 73749,Frankfurt(Oder) (ab 19:55),Berlin Hbf
21:00 (+8),EC 170,Praha hl.n. (ab 16:28),Berlin Hbf
21:02 (+36),ICE 643,Düsseldorf Hbf (ab 16:40),Berlin Hbf
21:02 (+36),ICE 653,Köln Messe/Deutz Gl.11-12 (ab 16:16),Berlin Hbf
21:02,RE 3160,Berlin Ostkreuz (ab 05:25),Berlin Hbf
21:02,RE4,Ludwigshafen(Rh)Hbf (ab 06:53),Berlin Hbf
21:03,FEX19864,Wünsdorf-Waldstadt (ab 19:27),Berlin Hbf
21:07 (+3),RB 18173,Berlin-Charlottenburg (ab 20:59),Berlin Hbf
21:09,RB 18532,Berlin Südkreuz (ab 21:02),Berlin Hbf
21:09 (+1),RB 18631,Nauen (ab 20:31),Berlin Hbf
21:10 (+1),RE 4367,Rostock Hbf (ab 18:34),Berlin Hbf
21:12 (+1),RE 3739,Senftenberg (ab 19:14),Berlin Hbf
21:12,RE 73786,Brandenburg Hbf (ab 20:19),Berlin Hbf
21:13 (+2),FLX 1244,Stuttgart Hbf (ab 15:16),Berlin Hbf
21:18,RE 62035,Flughafen BER (ab 20:44),Berlin Hbf
21:21,RE 3134,Nauen (ab 20:37),Berlin Hbf
21:23 (+13),ICE 699,Hamburg-Altona (ab 18:35),Berlin Hbf
21:23 (+3),ICE 840,Berlin Ostbahnhof (ab 21:16),Berlin Hbf
21:24,ICE 118,Innsbruck Hbf (ab 08:54),Berlin Hbf
21:26 (+5),RE 3317,Stralsund Hbf (ab 18:16),Berlin Hbf
21:26,RE 3356,Ludwigsfelde (ab 20:56),Berlin Hbf
21:29 (+1),ICE 574,Stuttgart Hbf (ab 15:23),Berlin Hbf
21:30 (+6),ICE 2912,München Hbf (ab 16:55),Berlin Hbf
21:30 Ausfall,ICE 502,München Hbf (ab 16:55),Berlin Hbf
21:33,FEX19866,Ludwigsfelde (ab 20:32),Berlin Hbf
21:34,RE 73828,Berlin-Charlottenburg (ab 21:26),Berlin Hbf
21:35 (+2),RE 3135,Lübbenau(Spreewald) (ab 20:27),Berlin Hbf
21:38,RE 62032,Wittenberge (ab 20:03),Berlin Hbf
21:39,RE 73791,Frankfurt(Oder) (ab 20:26),Berlin Hbf
21:43,RE 3520,Berlin Südkreuz (ab 21:35),Berlin Hbf
21:44 (+3),RE 3736,Dessau Hbf (ab 20:05),Berlin Hbf
21:45 (+7),RB 18533,Nauen (ab 21:08),Berlin Hbf
21:48,RB 18172,Flughafen BER (ab 21:13),Berlin Hbf
21:51 (+131),IC 241,Amsterdam Centraal (ab 15:59),Berlin Hbf
21:52 (+8),ICE 1000,München Hbf (ab 17:51),Berlin Hbf
21:52 (+1),RE 3183,Jüterbog (ab 21:03),Berlin Hbf
21:57,RE 73746,Magdeburg Hbf (ab 20:12),Berlin Hbf
22:00,IC 256,Graz Hbf (ab 10:26),Berlin Hbf
22:00 (+38),RJ 256,Graz Hbf (ab 10:26),Berlin Hbf
22:01 (+4),RE 3180,Rathenow (ab 21:12),Berlin Hbf
22:06 (+16),EC 40,Warszawa Wschodnia (ab 16:49),Berlin Hbf
22:08 (+2),RB 18175,Berlin-Charlottenburg (ab 22:00),Berlin Hbf
22:12,RE 73788,Brandenburg Hbf (ab 21:19),Berlin Hbf
22:14 (+14),RE 3741,Senftenberg (ab 20:14),Berlin Hbf
22:14,RE 7,Senftenberg (Sachs) (ab 06:14),Berlin Hbf
22:15 (+32),ICE 609,Hamburg-Altona (ab 19:38),Berlin Hbf
22:20,RE 62037,Flughafen BER (ab 21:44),Berlin Hbf
22:24 (+54),ICE 945,Düsseldorf Hbf (ab 17:41),Berlin Hbf
22:31,RE 3320,Lutherstadt Wittenberg Hbf (ab 21:00),Berlin Hbf
22:33,FEX19870,Schönefeld(bei Berlin) (ab 22:02),Berlin Hbf
22:35,RE 3137,Lübbenau(Spreewald) (ab 21:27),Berlin Hbf
22:36,ICE 2948,Berlin Südkreuz (ab 22:30),Berlin Hbf
22:36,ICE 700,Berlin Südkreuz (ab 22:30),Berlin Hbf
22:38,RE 62034,Wittenberge (ab 21:01),Berlin Hbf
22:39 (+33),ICE 70,Chur (ab 12:38),Berlin Hbf
22:39,RE 73793,Güsen(b Genthin) (ab 00:10),Berlin Hbf
22:44 (+1),RE 3738,Dessau Hbf (ab 21:05),Berlin Hbf
22:46,RB 18174,Flughafen BER (ab 22:13),Berlin Hbf
22:49 (+1),RE 3136,Schönwalde(Spreewald) (ab 00:02),Berlin Hbf
22:53 (+1),ICE 702,München Hbf (ab 17:09),Berlin Hbf
22:54,RE 73748,Jacobsdorf(Mark) (ab 00:02),Berlin Hbf
22:57 (+1),ICE 1102,München Hbf (ab 18:52),Berlin Hbf
23:00,RE 73827,Fürstenwalde(Spree) (ab 22:13),Berlin Hbf
23:02 (+1),RE 3162,Stendal Hbf (ab 21:46),Berlin Hbf
23:02,RE 61758,Stendal Hbf (ab 21:46),Berlin Hbf
23:04 (+35),ICE 2947,Köln Messe/Deutz Gl.11-12 (ab 18:20),Berlin Hbf
23:04 Ausfall,ICE 655,Köln Messe/Deutz Gl.11-12 (ab 18:20),Berlin Hbf
23:06 (+1),RE 3185,Falkenberg(Elster) (ab 21:14),Berlin Hbf
23:09,RB 18177,Berlin-Charlottenburg (ab 23:01),Berlin Hbf
23:12,RE 3743,Berlin Ostbahnhof (ab 23:02),Berlin Hbf
23:16 (+46),ICE 2925,Düsseldorf Hbf (ab 18:41),Berlin Hbf
23:16 Ausfall,ICE 2945,Düsseldorf Hbf (ab 18:41),Berlin Hbf
23:16 Ausfall,ICE 645,Düsseldorf Hbf (ab 18:41),Berlin Hbf
23:18,RE 62039,Flughafen BER (ab 22:44),Berlin Hbf
23:25 (+5),ICE 807,Hamburg-Altona (ab 20:35),Berlin Hbf
23:29 (+36),ICE 572,Stuttgart Hbf (ab 17:23),Berlin Hbf
23:32 (+12),ICE 500,München Hbf (ab 18:56),Berlin Hbf
23:35,RE 3139,Lübbenau(Spreewald) (ab 22:27),Berlin Hbf
23:36,FEX19874,Schönefeld(bei Berlin) (ab 23:01),Berlin Hbf
23:38,RE 62036,Neustadt(Dosse) (ab 22:37),Berlin Hbf
23:39,RE 73795,Werder(Havel) (ab 00:21),Berlin Hbf
23:44 (+1),RE 3740,Dessau Hbf (ab 22:05),Berlin Hbf
23:45,RB 18176,Flughafen BER (ab 23:13),Berlin Hbf
23:49,RE 3138,Berlin Ostkreuz (ab 00:08),Berlin Hbf
23:50 (+22),ICE 1018,München Hbf (ab 19:55),Berlin Hbf
23:51 Ausfall,ES 452,Praha hl.n. (ab 18:04),Berlin Hbf
23:56,RE 73750,Berlin Ostkreuz (ab 00:14),Berlin Hbf
